0 0.4951548448986082 0.23119777158774377 0.07343398123496314 0.0668523676880223
0 0.5470831602004751 0.26183844011142055 0.11434719935158533 0.08077994428969358
0 0.5969133617527714 0.4359331476323119 0.1153962562263706 0.11977715877437327
0 0.6462190348676754 0.4616991643454038 0.23498873995188205 0.12674094707520886
0 0.7390605682861642 0.48189415041782724 0.09336606185588167 0.09470752089136489
0 0.8481624832638238 0.5020891364902507 0.09336606185588167 0.06545961002785518
0 0.5801284517562085 0.5571030640668524 0.08602266373238543 0.13927576601671313
0 0.402436384685599 0.5637062074835044 0.08077737935845908 0.3776869859915484
0 0.48046804865161563 0.7193593314763231 0.06294341248711127 0.07381615598885802
0 0.48990956052468243 0.2903899721448468 0.03776604749226678 0.051532033426183864
0 0.4930567311490378 0.3454038997214484 0.01678490999656297 0.04735376044568241
0 0.5942907195658085 0.3454038997214484 0.05560001436361497 0.128133704735376
0 0.5512793876996158 0.42270194986072424 0.08497360685760015 0.09052924791086348
0 0.6299586533085048 0.6573816155988859 0.15840758809256322 0.047353760445682555
0 0.7065398051678236 0.6037604456824512 0.026226421869629632 0.1295264623955432
0 0.7369624545365938 0.5125348189415042 0.09966040310459277 0.08635097493036213
0 0.8135436063959125 0.5055710306406686 0.09546417560545209 0.08913649025069638
0 0.8854040023186979 0.6002785515320334 0.07133586748539272 0.12256267409470752
0 0.8979926848161202 0.6720055710306407 0.073433981234963 0.07938718662952653
0 0.8098719073341644 0.729108635097493 0.016784909996563045 0.029247910863509786
0 0.6991964070443271 0.7033426183844012 0.03461887686791115 0.08356545961002794
0 0.5554756151987565 0.6650417827298049 0.026226421869629632 0.09610027855153205
0 0.8591775804490682 0.6880222841225627 0.03986416124183705 0.05849582172701957
0 0.8376719145159719 0.055013927576601666 0.17519249808912632 0.032033426183844
0 0.8513096538881794 0.09888579387186631 0.06399246936189641 0.08077994428969362
0 0.8785851326325941 0.08217270194986073 0.026226421869629632 0.04735376044568246
0 0.8754379620082386 0.059888579387186634 0.07658115185931863 0.03899721448467965
0 0.4857133330255416 0.18871866295264625 0.02727547874441484 0.059888579387186634
0 0.5481322170752603 0.2555710306406685 0.07238492436017786 0.09052924791086352
2 0.36402273555045994 0.8600278551532035 0.16784909996563002 0.10167130919220056
2 0.49463031646121564 0.9108635097493039 0.22344911432924483 0.1337047353760447
2 0.6609058311146677 0.9359331476323121 0.09231700498109632 0.10584958217270199
2 0.872290791383883 0.9380222841225625 0.19617363558482992 0.03203342618384397
2 0.7568945351575124 0.9066852367688023 0.13323022309771873 0.025069637883008228
2 0.7422077389105197 0.8864902506963788 0.03461887686791115 0.040389972144846666
2 0.8381964429533645 0.951949860724234 0.0797283224836741 0.05710306406685234
2 0.682411497047764 0.9296657381615598 0.07867926560888903 0.09052924791086354
2 0.3472378255538969 0.9059888579387185 0.08602266373238536 0.10724233983286907
2 0.23761138213884486 0.6149025069637882 0.024128308120059287 0.040389972144846735
2 0.06084529873754086 0.8885793871866295 0.02727547874441487 0.044568245125348085
2 0.23918496745102263 0.777158774373259 0.01678490999656297 0.022284122562674043
2 0.30580007899988204 0.8050139275766017 0.055600014363614926 0.058495821727019434
2 0.782071900152357 0.6239554317548747 0.0576981281131853 0.04735376044568241
2 0.7689586892175422 0.6810584958217271 0.025177364994844423 0.10027855153203348
2 0.7888907698384605 0.6476323119777159 0.05035472998968899 0.038997214484679715
2 0.7815473717149644 0.11002785515320335 0.029373592493985114 0.01671309192200557
2 0.7878417129636752 0.12534818941504178 0.025177364994844544 0.033426183844011116
2 0.7909064477674497 0.15998669187457334 0.014330399218430188 0.013836686864827943
1 0.10962644341505204 0.0703342618384401 0.15630947434299286 0.051532033426183836
1 0.2187283583927115 0.06337047353760444 0.12693588184900764 0.04317548746518105
1 0.0965132324802372 0.12674094707520892 0.09231700498109646 0.0584958217270195
1 0.09919283275098084 0.3333560141067875 0.09521758221270585 0.3533482977232285
1 0.17256985590216328 0.49721448467966567 0.02832453561920005 0.1754874651810585
1 0.18306042465001515 0.41364902506963785 0.07658115185931864 0.18941504178272983
1 0.190928351210904 0.5278551532033426 0.0566490712384001 0.0863509749303622
1 0.19040382277351142 0.5396935933147631 0.022030194370488906 0.11838440111420617
1 0.19145287964829663 0.25696378830083566 0.04510944561576302 0.1796657381615599
1 0.28009818556764493 0.13440111420612813 0.09441511873066684 0.12395543175487463
1 0.24128308120059302 0.1789693593314763 0.11120002872722985 0.10724233983286911
1 0.28691705525374867 0.2848189415041783 0.06818869686103714 0.17409470752089137
1 0.22397364276663745 0.3530640668523677 0.11854342685072612 0.1267409470752089
1 0.22292458589185224 0.4066852367688022 0.06399246936189645 0.1114206128133705
1 0.23708685370145224 0.3969359331476323 0.07133586748539272 0.07242339832869085
1 0.2591170480719412 0.3864902506963789 0.09441511873066684 0.096100278551532
1 0.23446421151448932 0.5355153203342617 0.01783396687134818 0.034818941504178295
1 0.2512491215110523 0.49512534818941506 0.011539625622637075 0.04596100278551525
1 0.308422721186845 0.45891364902506965 0.012588682497422248 0.04038997214484681
1 0.3461887686791117 0.5062674094707521 0.05035472998968899 0.04038997214484681
1 0.35393123558611356 0.6330178368180759 0.04825661624011861 0.2144846796657388
1 0.4017887830427266 0.6949860724233985 0.03356981999312602 0.06963788300835659
1 0.32783027337037096 0.20334261838440112 0.14791701934471135 0.041782729805013935
1 0.39706802710619327 0.19707520891364902 0.030422649368770465 0.07381615598885795
1 0.4138529371027563 0.16225626740947074 0.026226421869629632 0.04038997214484679
1 0.32573215962080054 0.22144846796657383 0.07028681061060744 0.08356545961002787
1 0.3068491358746672 0.2876044568245126 0.06189435561232603 0.10724233983286913
1 0.36087556492610434 0.4853760445682451 0.01678490999656297 0.034818941504178226
3 0.3381377108963069 0.4285832068326913 0.005662395736246851 0.007517557175506156
3 0.3387443961537619 0.44254438444434563 0.005257938897943504 0.010739367393580324
1 0.9357587323083868 0.21100278551532037 0.11959248372551144 0.06545961002785514
1 0.9514945854301646 0.15598885793871864 0.07133586748539272 0.0807799442896936
1 0.9735247798006534 0.09818941504178273 0.03566793374269636 0.09331476323119776
1 0.9625096826154091 0.12047353760445682 0.05350190061404461 0.07381615598885795
1 0.9352342038709942 0.19637883008356546 0.0681886968610371 0.09192200557103064
1 0.9583134551162683 0.2513927576601671 0.07028681061060738 0.051532033426183864
1 0.9231700498109646 0.2792479108635098 0.04406038874097788 0.11838440111420613
1 0.9394304313701349 0.2785515320334262 0.03881510436705199 0.0919220055710306
1 0.9493964716805943 0.2743732590529248 0.05455095748882968 0.05571030640668525
1 0.9042870260648312 0.3147632311977716 0.07553209498453342 0.036211699164345426
1 0.8869775876308756 0.22701949860724235 0.061894355612325994 0.038997214484679646
1 0.9069096682517943 0.3885793871866295 0.03881510436705199 0.02785515320334255
1 0.8911738151300165 0.35027855153203347 0.024128308120059363 0.057103064066852414
1 0.8848794738813052 0.34331476323119775 0.030422649368770323 0.03203342618384404
1 0.9347096754336016 0.32033426183844016 0.018883023746133317 0.05571030640668525
1 0.93838137449535 0.47493036211699163 0.0346188768679113 0.03621169916434539
1 0.961460625740624 0.45891364902506965 0.03252076311834074 0.043175487465181066
1 0.9840153485485055 0.4289693593314763 0.03147170624355553 0.03621169916434546
1 0.9951548448986083 0.431058495821727 0.009690310202783508 0.0821727019498607
1 0.970377609176298 0.467966573816156 0.03986416124183705 0.06963788300835645
1 0.9724757229258685 0.5605849582172702 0.020981137495703735 0.02089136490250695
