0 0.41221202234568083 0.3064066852367688 0.09370848017564647 0.055710306406685214
0 0.5689674402419351 0.09453910679239673 0.2526970251927545 0.10167130919220056
0 0.536743719204936 0.18320644255511787 0.14424788521419735 0.12813370473537605
0 0.4873431075654945 0.2810135845305426 0.06949168192800755 0.11281337047353766
0 0.35572101594690864 0.21356119577217644 0.11237410766594069 0.09749303621169894
0 0.2363770089823892 0.25348189415041783 0.11897818269492198 0.027855153203342625
0 0.23152810584889053 0.5324915661044579 0.2695434935389382 0.1337047353760446
0 0.6954432714158932 0.5696378830083566 0.3127125686760337 0.036211699164345704
0 0.6296367544386134 0.5793871866295264 0.17478210909165526 0.07799442896935929
0 0.6343748236609776 0.5682451253481894 0.12529560832474082 0.12256267409470745
0 0.7422975115037166 0.5710306406685237 0.14530078948583394 0.06685236768802227
0 0.9218176898177358 0.5626740947075208 0.01579356407454725 0.01114206128133695
0 0.8523260078897285 0.5591922005571032 0.03895745805054958 0.00974930362117
2 0.07159749047128047 0.20334261838440112 0.010529042716364775 0.04456824512534819
2 0.0694916819280075 0.32799442896935926 0.018952276889456582 0.026462395543175463
2 0.8925590034591495 0.5222968783385284 0.0652800648414616 0.012534818941504284
1 0.01474065980291068 0.6908077994428968 0.029481319605821364 0.052924791086350925
1 0.006317425629818864 0.7423398328690809 0.012634851259637729 0.07799442896935929
1 0.023163893976002506 0.7089136490250698 0.03790455377891319 0.04735376044568241
1 0.025269702519275457 0.6922005571030642 0.050539405038550915 0.05013927576601674
1 0.03316648455654904 0.7047353760445683 0.04527488368036853 0.05849582172701957
2 0.021058085432729547 0.7430362116991645 0.016846468346183637 0.05988857938718667
2 0.8107362891600876 0.9380222841225627 0.10318461862037481 0.04317548746518099
0 0.7699639347567815 0.5781226996307077 0.12634851259637742 0.0584958217270195
3 0.9811630467178979 0.5050033380828262 0.03836175260441322 0.03144701560188178
3 0.9856818810701838 0.4656941647979472 0.023233174112531996 0.012864688200769763
3 0.9870326470069588 0.3974398468438629 0.02053164223898193 0.013579393100812638
3 0.9918954043793494 0.4310309771458729 0.011886740243621005 0.009291163700555955
2 0.804847408870562 0.5066825757249284 0.07510258608469621 0.012164916553351455
0 0.7282258935208463 0.5403808268524162 0.05078879922274424 0.04216758910252317
0 0.8416902322099563 0.5625366787537419 0.03349899523202282 0.052173457703122
0 0.8768101465661092 0.5596778591535708 0.04538573547564411 0.022155851901325862
0 0.9419170647186695 0.5632513836537848 0.04592604185035412 0.01643821270098364
0 0.9097688354234221 0.557891096903464 0.03457960798144299 0.0242999666014542
0 0.5758594958526129 0.545741113602737 0.05403063747100468 0.05574698220333573
0 0.47482220378183415 0.5943410468056451 0.0313377697331827 0.0786175390047044
0 0.4661773017864734 0.5293029009017534 0.07456227970998647 0.11721160360701362
0 0.4807655739036445 0.4921382460995294 0.06699799046404585 0.04145288420248043
0 0.4940030800840408 0.5185823274011119 0.028636237859632346 0.05288816260316466
0 0.42322294499702456 0.4774867956486527 0.038361752604413366 0.03073231070183887
0 0.4386216766762609 0.49857059019991434 0.04970818647332436 0.03144701560188175
0 0.45510102110491735 0.5700410802041909 0.021071948613691802 0.12578806240752682
0 0.36757138840188974 0.5721851949043193 0.04052297810325357 0.1214998330072703
0 0.36919230752601984 0.5993439811059446 0.061054620342235355 0.09862927620590173
0 0.38161935414435094 0.616496898706971 0.0534903310962946 0.0714704900042765
0 0.4072839069430782 0.6300762918077834 0.018370416740141664 0.022870556801368593
0 0.3437979079146477 0.48141767259888796 0.04268420360209369 0.061464621403678026
0 0.17992202277844574 0.49428236079965787 0.13183475542925152 0.11006455460658614
0 0.3195912206409929 0.4867779593492088 0.09023116457657786 0.09219693210551695
0 0.2647501236079231 0.4760573858485672 0.06051431396752527 0.05503227730329293
0 0.10319851756961901 0.5418102366525018 0.06375615221578557 0.1222145379073131
0 0.08320718170534727 0.56718226060402 0.0756428924594066 0.08719399780521755
0 0.05835308846868509 0.5614646214036779 0.03782144622970329 0.04145288420248051
0 0.029176544234342554 0.5089338112505345 0.014047965742461232 0.013579393100812638
0 0.13345567455338167 0.573614604704405 0.07240105421114633 0.10577632520632939
0 0.14345134248551747 0.583977825755025 0.06321584584107554 0.10934984970654325
0 0.22152561363111936 0.5596778591535709 0.10698066219258935 0.12650276730756965
0 0.3179703015168627 0.5911248747554526 0.09563422832367835 0.1393674555083394
0 0.3268853566995785 0.5854072355551105 0.07240105421114633 0.19797325731184626
0 0.20423580964039778 0.7458584856147118 0.10481943669374917 0.061464621403678026
0 0.18127278871522085 0.7812363781668288 0.04160359085267364 0.08647929290517481
0 0.19694167358181225 0.7658702228159093 0.080505649831797 0.057176392003421485
0 0.22936005606441504 0.7226305763633217 0.07726381158353672 0.059320506703549825
0 0.3231032120766082 0.6751027005104777 0.03133776973318273 0.06718226060402017
0 0.3641664965545718 0.6490159716589168 0.058353088468685074 0.03073231070183894
0 0.19099830346000168 0.9521147716971344 0.10103729207077883 0.05860580180350681
0 0.2752860979147691 0.8692090032921738 0.021071948613691837 0.08004694880478994
0 0.3295868885731288 0.9560456486473697 0.08428779445476739 0.07504401450449037
0 0.3395825565052647 0.7973811608378756 0.04376481635151389 0.0264440813015824
0 0.35146929674888566 0.8306149386898641 0.04052297810325349 0.02144114700128327
0 0.4120306306523607 0.7394607346684188 0.055651556595134793 0.023585261701411155
0 0.4167899660576553 0.7534917884994919 0.04430512272622376 0.03216172050192452
2 0.4218318951042719 0.8785409153404767 0.024854093236662152 0.025729376401539553
2 0.502565760302166 0.695191351692349 0.010265821119490886 0.09862927620590169
2 0.49789232429530855 0.7816576530369348 0.01674949761601134 0.05789109690346408
2 0.5320518575767358 0.5798166071281717 0.00972551474478071 0.13079099670782585
0 0.23719449849771074 0.23669516675432525 0.09509392194896829 0.06432344100384899
0 0.24367817499423133 0.2077496183025932 0.07780411795824684 0.03502054010209555
0 0.2509723110528169 0.189881995801524 0.035119914356153074 0.07647342430457602
0 0.251512617427527 0.14485558709882976 0.019991335864271775 0.027873491101667904
0 0.252052923802237 0.13020413664795302 0.011346433868911028 0.02001173720119745
0 0.23287204750003035 0.1877378811013957 0.025934705986082243 0.022155851901325754
0 0.19829243951858735 0.2827936328070837 0.0734816669605664 0.04502640870269431
0 0.2317914347506103 0.25063191230515913 0.07996534345708696 0.06503814590389176
0 0.15803961460268856 0.3199582876093069 0.038361752604413726 0.02644408130158262
0 0.13723781917635194 0.33997002481050487 0.0389020589791234 0.02215585190132579
0 0.19613121401974717 0.2992318455080673 0.03457960798144302 0.03787935970226663
0 0.14291103611080744 0.3278200415097779 0.032958688857312894 0.027873491101667904
0 0.17208758034515004 0.3042347798083666 0.03403930160673301 0.03930876950235216
0 0.23071082200119014 0.2717157068564208 0.03457960798144302 0.042882294002566004
0 0.14993501898203804 0.38928466291345587 0.01242704661833109 0.019297032301154714
0 0.24854093236662173 0.38606849086326345 0.17722049090489547 0.03430583520205289
0 0.32715550988693354 0.3939302447637338 0.038361752604413366 0.0385940646023095
0 0.27906824253773943 0.36176852426180944 0.07618319883411662 0.07004108020419117
0 0.29419682102962064 0.3360391478602698 0.052409718346874544 0.05431757240325027
0 0.30581340808588664 0.31424064840896543 0.02701531873550234 0.03502054010209555
0 0.28366084672277464 0.3689155732622371 0.08969085820186773 0.0700410802041911
0 0.22314653275524945 0.3682008683621943 0.05511125022042482 0.03430583520205289
0 0.18613554608761126 0.3685582208122157 0.02647501236079229 0.019297032301154787
0 0.22827944331499495 0.34926118851106097 0.02647501236079229 0.02215585190132579
0 0.3971251854118847 0.2065497161123595 0.058353088468685144 0.06861167040410557
0 0.38902058979123394 0.21655558471295827 0.051869411972164485 0.06575285080393453
0 0.3563320541212757 0.1418689226584891 0.10103729207077845 0.046455818502779994
0 0.297978965652591 0.06611020325395589 0.022152561363111903 0.013579393100812567
0 0.34822745850062536 0.1186410134070992 0.05781278209397506 0.047170523402822594
0 0.39334304078891436 0.10220280070611562 0.04322450997680377 0.06146462140367793
0 0.32406141815368783 0.10544106168242433 0.056831624687758514 0.0536968369679013
0 0.39916035077679735 0.06712104620987663 0.02029700881705665 0.03563517362415269
0 0.663605472893891 0.08820887876327829 0.11375610413145332 0.05707633331741537
0 0.6198028350961475 0.15004157319047828 0.09545052415627708 0.10463994441526149
0 0.6106500451085594 0.18636287621065173 0.07452986132750382 0.09599201512474405
0 0.5397159227047507 0.24733077770879994 0.09348921201607957 0.1141526666348307
0 0.5815572483622968 0.23608846963112717 0.07910625632129793 0.07264260604034685
0 0.4982014824039042 0.32689172718156073 0.09806560700987361 0.15393314137121117
0 0.44295785712167546 0.36407782313078585 0.04903280350493681 0.11761183835103765
0 0.4210565382228036 0.33813403525923347 0.09675806558307527 0.06918343432413984
0 0.5014703359709 0.39218359332496777 0.07060723704710903 0.07177781311129515
0 0.5125844380986857 0.4042906943316922 0.045763949937940966 0.06312988382077762
0 0.530236247360463 0.3225677625363021 0.0679921541935125 0.05361716160120842
0 0.5406965787748494 0.3511059291950097 0.04576394993794104 0.05188757574310487
0 0.5903831529931854 0.27457175497392994 0.030073452816361198 0.03718609594922512
0 0.666874326460887 0.14225843682901254 0.0483790327915375 0.05621154038836362
0 0.6917176135700548 0.10118077269905451 0.044456408511142624 0.06572426260793285
0 0.7165609006792231 0.08777648229875241 0.035303618523554695 0.03372692423301817
0 0.2089374367870195 0.9074671565914629 0.052301657071932614 0.031132545445863115
0 0.3351151844730569 0.9264926010306014 0.08760527559548713 0.07091302018224326
0 0.36126601300902306 0.8473640480223665 0.04314886708434443 0.021619823226293702
0 0.45148637145810694 0.8205554672217623 0.04837903279153757 0.018160651510086723
0 0.2226666217684018 0.8940628661911609 0.02484328710916799 0.05448195453026017
