3 0.33586431931868815 0.5441556634570759 0.014616804851695022 0.029732959312804823
3 0.34809470705173906 0.527292193996082 0.029531911843220442 0.012869489851811054
3 0.34898961347123064 0.47337346927211504 0.011037179173728831 0.017751020485256605
3 0.35406074984834923 0.4538473467383327 0.007457553495762852 0.008875510242628337
3 0.3741961442869086 0.4183453057678194 0.007159251355932241 0.010650612291154004
3 0.36867755470004426 0.42833025479077635 0.005667740656779685 0.012869489851811125
3 0.36315896511317974 0.4403121936183246 0.006562647076271233 0.010206836779022552
3 0.3577895265962306 0.4480782650806244 0.006562647076271162 0.008875510242628337
3 0.35048112417038313 0.4691576019068666 0.0068609492161017015 0.020857449070176556
3 0.3527183902191119 0.4915682652695031 0.011932085593220449 0.008875510242628337
3 0.35644716696699325 0.5031064285849198 0.008650762055084726 0.016863469460993697
3 0.3591318862254678 0.5170853572170594 0.012230387733050917 0.012869489851810982
3 0.33228469364072205 0.5803233676957862 0.019389639088983158 0.008875510242628337
3 0.3275118594034339 0.59097397998694 0.012826992012711855 0.0071004081941025985
3 0.3227390251661457 0.5991838269613714 0.007457553495762817 0.005769081657708525
3 0.3791835445041245 0.40987481221959654 0.005556664780048095 0.006613192275213393
3 0.3833510430891607 0.3859019902219478 0.0016669994340144001 0.0038576954938744734
3 0.3854810979215125 0.3823198444062072 0.0018522215933492704 0.0038576954938744734
3 0.3817766547348137 0.39361738120969675 0.0011113329560095764 0.006062092918945652
3 0.380665321778804 0.4057415670475881 0.002593110230689035 0.00826649034401683
1 0.4167836428491168 0.31122802744766287 0.013335995472115485 0.007715390987748982
1 0.417617142566124 0.31715234552754157 0.019448326730168476 0.012399735516025174
1 0.4284526388872178 0.32225001457301855 0.008149775010737272 0.011573086481623527
1 0.4137274772200903 0.3218366900558177 0.0068532198953927545 0.025075020710184182
1 0.4182654201237963 0.3437428894674622 0.009631552285416732 0.007715390987749018
1 0.4164131985304469 0.3350630746062447 0.004445331824038448 0.011848636159757432
1 0.42697086161253833 0.32886320684823206 0.004815776142708401 0.02039067618190806
1 0.41993241955781074 0.34002296881265465 0.01111332956009619 0.0046843445282762275
1 0.4362319695792851 0.32569438554969227 0.0033339988680288713 0.007439841309615076
1 0.4681827920645618 0.3241788623199558 0.013521217631450427 0.009368689056552384
1 0.4671640701882197 0.3170145706884746 0.005927109098717906 0.00991978841282016
1 0.46244090512517877 0.3312053791123701 0.009075885807411907 0.009644238734686183
1 0.4692941250205715 0.3285876571700981 0.01574388354346972 0.01102198712535568
1 0.47336901252594005 0.33602749847971325 0.0027783323900241186 0.015981881331765778
1 0.47049806905624864 0.3489783333520063 0.0025931102306891063 0.004959894206410027
1 0.46336701592185364 0.33079205459516925 0.0038896653460336944 0.01708408004430133
1 0.5092095003572504 0.24523387953459555 0.014076884109455179 0.012399735516025174
1 0.5038380577365372 0.25143374729260815 0.008520219329407155 0.010470887769087937
1 0.4982813929564891 0.2602513369928927 0.0037044431866988248 0.007715390987748982
1 0.5125434992252793 0.24082508468445327 0.017410882977484193 0.01570633165363194
1 0.5198597745190092 0.23049197175443226 0.01463255058745993 0.01818627875683692
1 0.5244903285023826 0.22360322980108496 0.01944832673016826 0.015981881331765778
1 0.5345849361861369 0.21189236848039453 0.010001996604086613 0.027279418135255397
1 0.5404194342051873 0.20238590458477518 0.009816774444751602 0.024248371675782573
1 0.5571820396249991 0.18888397035621446 0.009261107966746849 0.004408794850142286
1 0.5494953200125993 0.19659936134396352 0.009816774444751743 0.0049598942064100985
1 0.5484765981362573 0.20197258006757435 0.004074887505368565 0.003031046459472825
1 0.5275464941314092 0.21671448784773767 0.009261107966746849 0.010470887769087937
1 0.44864185425472597 0.18075525485126462 0.03741487618565728 0.008542040022150666
1 0.4602182392131597 0.1872306722874112 0.017225660818149108 0.011573086481623494
1 0.43688024713695756 0.18943506971248225 0.016855216499479297 0.01818627875683692
1 0.43465758122493825 0.1734531883807165 0.006482775576722801 0.019288477469372508
1 0.45086452016674533 0.17579536064485457 0.027042435262900854 0.012950834872292987
1 0.4298418050822299 0.1766220096792563 0.012780328994110732 0.009644238734686254
1 0.4333610261095937 0.16174232706002603 0.006112331258052848 0.00964423873468622
1 0.42132158575282275 0.09093139378418462 0.017596105136819064 0.02204397425071142
1 0.40650381300602784 0.0958912879905947 0.02537543582888645 0.021492874894443636
1 0.43215708207391657 0.07756723439469082 0.014817772746794943 0.013501934228560745
1 0.4318792488349142 0.08555817506057371 0.00796455285140233 0.020115126503774165
1 0.4094673675553869 0.1089798977019546 0.010557663082091438 0.03554590847927216
1 0.4027067587396638 0.10457110285181255 0.007408886373397463 0.03113711362913032
1 0.385388486841845 0.07439841309615106 0.00463055398337346 0.008817589700284572
1 0.4410477457219936 0.04519014721395841 0.013706439790785296 0.007715390987749009
1 0.44197385651866833 0.05855430660345223 0.0033339988680289425 0.02066622586004195
1 0.4449374110680273 0.05042559109850238 0.004074887505368636 0.017635179400569134
1 0.44947535397173327 0.043536849145155064 0.021670992642187626 0.003857695493874491
1 0.4480861877767212 0.04877229302969904 0.00629755341738786 0.008266490344016796
1 0.4348428033842731 0.07205624083201297 0.014262106268790192 0.007990940665882898
1 0.3990023155529629 0.0851448505433729 0.00629755341738786 0.01267528519415909
1 0.39640920532227375 0.08969142023258211 0.013335995472115485 0.007990940665882889
1 0.41030086727239407 0.12895724936666184 0.00629755341738786 0.009919788412820143
1 0.3291735614836916 0.04271020011075338 0.02556065798822136 0.0033065961376067144
1 0.33167406063471316 0.04656789560462789 0.021300548323517816 0.0033065961376067053
1 0.3334336711483951 0.04863451819063208 0.016299550021474474 0.007439841309615103
1 0.3405647242827902 0.047532319478096524 0.006112331258052919 0.004684344528276183
1 0.39316781753391233 0.07260734018828074 0.007964552851402261 0.003031046459472817
1 0.2893520891512412 0.08587056159742895 0.012528689872881422 0.026182755215753525
1 0.2981520022762413 0.057025153308886925 0.0056677406567797566 0.027070306240016356
1 0.29442322552835987 0.0678976533561066 0.008949064194915337 0.016863469460993787
1 0.28174538458556325 0.09962760247350283 0.012826992012711926 0.009319285754759755
1 0.27458613322963105 0.10584045964334265 0.0074575534957627455 0.009319285754759755
1 0.27085735648174963 0.1153816331541681 0.005369438516949146 0.008875510242628337
1 0.19192181121188556 0.22719989526828452 0.01670491983050856 0.026352624958417933
1 0.21731212238217318 0.20746505192143683 0.019986243368644133 0.010206836779022552
1 0.21030202209615617 0.21611867440799948 0.013125294152542431 0.0071004081941025985
1 0.20344107288005447 0.2201126540171822 0.01730152411016956 0.00976306126689117
1 0.22491882694785115 0.20258352128799129 0.016108315550847508 0.010206836779022552
1 0.23148147402412234 0.19947709270307137 0.005966042796610189 0.012869489851811088
1 0.23714921468090203 0.19082347021650875 0.004176229957627164 0.005325306145576966
1 0.15526527729742715 0.059244030869544 0.019986243368644168 0.0066566326819712356
1 0.14631621310251183 0.06878520438036943 0.006264344936440693 0.008875510242628329
1 0.14795687487157963 0.07987959218365483 0.008949064194915283 0.007100408194102652
1 0.1487026302211559 0.08675811262169177 0.005667740656779685 0.010206836779022552
1 0.1610821690241221 0.06368178599085815 0.013125294152542395 0.0066566326819712356
1 0.15839744976564749 0.06900709213643515 0.008352459915254311 0.01464459190033672
1 0.16898717572963057 0.06479122477118669 0.011037179173728831 0.006212857169839818
1 0.15481782408768138 0.05613760228462409 0.019687941228813628 0.008431734730496902
1 0.17241765033768147 0.04260244916461591 0.005369438516949181 0.00443775512131416
1 0.19150898728683408 0.05680326555282122 0.004772834237288173 0.007987959218365476
1 0.22044429485039352 0.055250051260361255 0.0023864171186440686 0.014644591900336712
1 0.22655948871691897 0.04282433692068162 0.008054157775423754 0.003993979609182752
1 0.2244713737381054 0.059465918625609716 0.0032813235381356164 0.01331326536394248
1 0.22044429485039352 0.07033841867282939 0.005369438516949181 0.007544183706234069
1 0.29666049157708874 0.21989076626111653 0.028338703283898425 0.014644591900336686
1 0.3060570089817498 0.23808556225850452 0.015511711271186534 0.014644591900336686
1 0.3382736400834449 0.23697612347817604 0.017898128389830462 0.015975918436730973
1 0.33335165477624146 0.22455040913849636 0.009247366334745735 0.015088367412468173
1 0.2824911399351395 0.2531739296709727 0.006562647076271126 0.009319285754759755
1 0.3151552242465803 0.25228637864670983 0.012826992012711926 0.010206836779022552
1 0.33379910798598716 0.2700373991319665 0.018494732669491542 0.013757040876073887
1 0.3299820522986255 0.3014105482998541 0.009608371584368669 0.01039570763698567
1 0.10287508757718386 0.3556631475303732 0.038433486337474745 0.01884222009203654
1 0.10877113377668284 0.3686577820766054 0.03799674217454889 0.012344902818920573
1 0.11379369165033008 0.3787286238499351 0.026204649775550967 0.023390342183217783
1 0.11597741246495935 0.3875000021686418 0.007861394932665302 0.038334171911384586
1 0.119908109931292 0.3852259411230514 0.025331161449699272 0.015593561455478522
1 0.10571392463620188 0.3423436471204853 0.017906510679959825 0.023390342183217783
1 0.2753890319328944 0.37483023348606553 0.01048185991022045 0.010395707636985562
1 0.27530230920718196 0.37647632402205317 0.014849301539478894 0.011695171091608997
1 0.45055955368633005 0.34478251108601227 0.006112331258052919 0.007880720794629354
1 0.44801274899547466 0.3475104528995378 0.006316075633321389 0.004849674335156564
1 0.45137453118740367 0.35160236561982616 0.0044823762559054355 0.005152778981103765
1 0.4539213358782591 0.3578160108617454 0.0034636543795632945 0.0030310464594728616
1 0.46054302807448316 0.4055549925984423 0.011409685015032096 0.009396244024365785
1 0.458098095571262 0.4143450273309135 0.005704842507516048 0.016670755527100525
1 0.46125613338792265 0.41389037036199255 0.016095805646206003 0.007880720794629283
1 0.4536157193153565 0.41995246328093827 0.006112331258052848 0.007274511502734668
1 0.46044115588684886 0.41889159702012274 0.007131053134394989 0.014245918359522278
1 0.20595373742250125 0.49511846936655446 0.005578250014830494 0.00976306126689117
1 0.22465728158987422 0.5012203826583614 0.025266191243644157 0.012203826583613946
1 0.23991543604220475 0.5180616633437486 0.02100047064406791 0.012691979646958486
1 0.2536969949023743 0.5305095664590348 0.01378155886016959 0.013180132710303027
1 0.26813481847017095 0.5483271532711111 0.011812764737288149 0.010739367393580111
1 0.2600955758017388 0.5390522450675644 0.006234514722457618 0.0156208980270258
1 0.27584592878478964 0.5556494492212797 0.00951583826059327 0.01464459190033665
1 0.22465728158987416 0.508786755140202 0.006890779430084742 0.014644591900336578
2 0.2067740683070351 0.3647816014535576 0.015094088275423766 0.0068341428868239264
2 0.22006342863648434 0.4397130966769472 0.010172102968220393 0.00927490820354663
2 0.24516555370322174 0.47876534174451174 0.008531441199152567 0.011227520456924793
2 0.25320479637165394 0.4611918314641077 0.011484632383474604 0.007322295950168467
2 0.23548564926572169 0.4326348772584511 0.008859573552966148 0.011715673520269334
2 0.2540251272561879 0.40456607611613904 0.020344205936440752 0.020990581723815963
2 0.2853617670453829 0.4004167750777103 0.01148463238347464 0.012691979646958557
2 0.2797835170305524 0.4353197191068462 0.01148463238347464 0.012203826583613875
2 0.28798682587589136 0.4514287701972166 0.012797161798728852 0.010251214330235712
2 0.3281830392180526 0.39065371381081915 0.015094088275423802 0.022455040913849658
2 0.33769887747864585 0.37185982087205366 0.006562647076271233 0.016109051090370342
2 0.3660823260835188 0.35843561163007837 0.02854751478177981 0.027336571547295206
2 0.39315324527313755 0.31181699408067315 0.018375411813559454 0.01415643883699218
2 0.37822322317462054 0.3433028666663971 0.018047279459745838 0.03905224506756461
2 0.3677229878525867 0.346719938109809 0.01739101475211875 0.02343134704053881
2 0.39364544380385796 0.35282185140161604 0.03314136773516957 0.015132744963681262
2 0.4007002894108494 0.33451611152619504 0.005906382368644003 0.03026548992736263
2 0.384621804073985 0.36063230041512895 0.025594323597457704 0.015132744963681333
2 0.3373707451248322 0.39065371381081915 0.023625529474576298 0.02343134704053881
2 0.25156413460258614 0.48315871931461274 0.006890779430084812 0.012203826583613875
2 0.2781428552614846 0.5134242092419754 0.01542222062923738 0.024895806230572363
2 0.3355660171788577 0.5007322295950168 0.009515838260593198 0.02001427559712681
3 0.28782275969898463 0.5256280358255893 0.013125294152542431 0.01415643883699211
0 0.20972725949135718 0.6701213425755782 0.03871961775000017 0.0327062552440853
0 0.2264620095358488 0.6632871996887545 0.019031676521186505 0.03270625524408544
0 0.23630598015025556 0.6483985312567452 0.01378155886016959 0.017573510280404107
0 0.10964689157822118 0.518305739875421 0.015094088275423783 0.024895806230572363
0 0.12310031808457715 0.5241635766355556 0.009187705906779708 0.020990581723815963
0 0.12031119307716188 0.5327062552440853 0.014765955921610221 0.03807593894087546
0 0.1593589431809756 0.5651684339564984 0.022641132413135666 0.01903796947043766
0 0.15345256081233152 0.5793248727934904 0.02067233829025433 0.020990581723815963
0 0.1227721857307636 0.5322181021807408 0.025594323597457738 0.01464459190033672
0 0.16575752408034006 0.4367841782968799 0.030188176550847566 0.013180132710303027
0 0.16936697997228922 0.4502083875388551 0.01903167652118647 0.04002855119425369
0 0.17461709763330618 0.4687582039459484 0.015750352983050924 0.017573510280404107
0 0.14508518579008572 0.6691450364488891 0.009187705906779673 0.012203826583613875
0 0.16395279613436542 0.6825692456908646 0.014765955921610185 0.008786755140202019
0 0.18987525208563674 0.6645075823471158 0.021328602997881453 0.012691979646958486
0 0.13704594312165347 0.6818370160958476 0.013453426506355974 0.010251214330235712
0 0.44877167924453615 0.49755923468327723 0.0292037794894069 0.07029404112161622
0 0.44106056892991746 0.5312417960540516 0.04593852953389849 0.05955467372803589
0 0.44237309834517174 0.5607750563863975 0.03150070596610185 0.029777336864018053
0 0.4479513483600023 0.46021552533741855 0.014437823567796713 0.029777336864017984
0 0.373465304044324 0.6039766024923907 0.005906382368644074 0.016597204153715028
0 0.39709083351890034 0.6098344392525255 0.023625529474576298 0.02831287767398443
0 0.37461376728267143 0.6566971333336028 0.04036027951906803 0.022455040913849728
0 0.38642653201995986 0.6779317915890911 0.051516779548728776 0.02196688785050509
0 0.43991210569157 0.6386354699898541 0.04561039718008493 0.017573510280403864
0 0.41169272326360373 0.5990950718589452 0.0049219853072033715 0.012691979646958486
1 0.4589437822127566 0.6042206790240631 0.02067233829025433 0.012203826583613943
2 0.1129282151163568 0.6596260517136702 0.02559432359745772 0.021478734787160506
2 0.11604547247758562 0.647910378193401 0.01673475004449159 0.01854981640709333
2 0.12736603868415347 0.6430288475599553 0.018375411813559398 0.014644591900336863
2 0.14147572989813653 0.6122752045692481 0.007218911783898303 0.010739367393580253
2 0.1485305755051281 0.6159363525443325 0.00951583826059327 0.013180132710303098
2 0.14984310492038241 0.6127633576325927 0.012140897091101782 0.012691979646958628
2 0.13474901664495853 0.6276520260646018 0.00951583826059327 0.027824724610639742
2 0.1035764430326703 0.6740265670823348 0.02789125007415267 0.021966887850505115
0 0.15829792185247407 0.712713600435558 0.010088790163587102 0.04645581850277992
0 0.15469478250833582 0.7423738537873328 0.016334231693426755 0.05145875280307905
0 0.14484620163435794 0.773463516939193 0.005284604371402768 0.026444081301582257
0 0.1804727945974583 0.7583511479281513 0.005369438516949181 0.0097630612668911
0 0.1806219456673736 0.733499719248792 0.005071136377118641 0.013313265363942435
0 0.18017449245762784 0.7496975254415887 0.007159251355932206 0.014644591900336934
0 0.1634695726271193 0.7514726274901145 0.008949064194915302 0.033283163409856084
0 0.1645136301165261 0.6915629333523734 0.016406617690678048 0.014644591900336791
0 0.1634695726271193 0.702435433399593 0.008949064194915302 0.023963877655096298
0 0.14586974637711922 0.7903029848016132 0.0035796256779661384 0.015975918436731008
0 0.09843970614406818 0.7727738520724223 0.06622307504237314 0.021745000094439602
0 0.09411432511652582 0.7769897194376708 0.06532816862288163 0.018638571509519294
0 0.08546356306144101 0.7971815052396503 0.029531911843220442 0.04393377570101009
0 0.10858197889830551 0.7747708418770136 0.034603048220339154 0.03638959199477625
0 0.11574123025423773 0.7516945152461801 0.023864171186440755 0.03905224506756468
0 0.1129073599258479 0.740156351930763 0.005667740656779685 0.04260244916461573
0 0.12021576235169543 0.7383812498822374 0.007755855635593268 0.05502816350429541
0 0.13184954580508526 0.6977757905222132 0.008352459915254294 0.020857449070176556
0 0.12469029444915304 0.7130860456907469 0.004176229957627147 0.03106428584919911
2 0.021776056207627202 0.8464405870862373 0.013721898432203443 0.01464459190033665
2 0.018494732669491597 0.8229204849432721 0.017898128389830577 0.032395612385593325
2 0.014467653781779716 0.7865308929484962 0.01819643052966109 0.03772091853117033
2 0.029233609703389948 0.7623451275373341 0.011932085593220383 0.015088367412468101
2 0.04071824208686456 0.7521382907583116 0.007457553495762737 0.01686346946099377
2 0.05980957903601718 0.735052933541252 0.014020200572033951 0.01908234702165089
2 0.07189081569915283 0.7077607395451699 0.010738877033898354 0.011538163315416626
1 0.16585598974576335 0.8209234951386809 0.04176229957627136 0.005325306145576861
1 0.18435072241525496 0.8162638522613012 0.013125294152542466 0.005769081657708313
1 0.19121167163135666 0.775214617389145 0.003579625677966085 0.006212857169839907
1 0.1918082759110177 0.7871965562166935 0.002983021398305112 0.013313265363942577
1 0.19001846307203465 0.8087196685550669 0.002983021398305112 0.015532142924599555
1 0.16988306863347533 0.828467678844915 0.024162473326271295 0.008875510242628337
1 0.16690004723517013 0.8404496176724632 0.009843970614406849 0.02751408175214763
1 0.15824928518008538 0.8280239033327834 0.005667740656779685 0.021301224582308008
1 0.17510335608050917 0.8333492094783606 0.007159251355932241 0.01863857150951958
1 0.17033052184322103 0.8424466074770547 0.008352459915254294 0.027957857264279226
1 0.1646627811864413 0.8473281381105001 0.004772834237288137 0.02884540828854199
1 0.148107012425848 0.828467678844915 0.003877927817796607 0.01952612253378234
1 0.2974072334110181 0.8231423726993379 0.011932085593220449 0.015088367412468244
1 0.2912920395444927 0.8553160973288655 0.021776056207627157 0.011981938827548078
1 0.286220903167374 0.8670761484003482 0.01521340913135596 0.01420081638820534
1 0.308444412584747 0.8692950259610052 0.005966042796610189 0.017751020485256674
1 0.287414111726696 0.879279974983962 0.008054157775423683 0.025295204191490655
1 0.30680375081567923 0.8821645158128162 0.003877927817796589 0.022188775606570912
1 0.05772146405720363 0.8735108933262535 0.018196430529661082 0.011094387803285316
1 0.0786026138453393 0.8846052811295394 0.015810013411017003 0.018194795997388127
1 0.06249429829449177 0.881498852544619 0.012826992012711917 0.02174500009443946
1 0.03907758031779676 0.8923713525918389 0.008949064194915292 0.005325306145576861
1 0.05160627019067816 0.8783924239596993 0.014318502711864465 0.006656632681971217
1 0.00894906419491529 0.7514726274901143 0.0077558556355932515 0.00488153063344555
1 0.030874271472457745 0.7326121682245291 0.006860949216101724 0.00710040819410267
1 0.03892842924788151 0.7268430865668207 0.0074575534957627455 0.00621285716984005
1 0.04340296134533915 0.7219615559333752 0.0026847192584745815 0.007100408194102527
1 0.012230387733050898 0.7481443111491289 0.004772834237288157 0.008875510242628195
2 0.034752199290254374 0.7470348723688 0.008650762055084775 0.005769081657708313
0 0.02028454550847466 0.7645640050979913 0.008949064194915287 0.013313265363942577
0 0.04668428488347476 0.7907467603137445 0.015810013411017006 0.008875510242628337
0 0.04847409772245783 0.7836463521196422 0.005071136377118668 0.011538163315416626
0 0.0726365710487291 0.7954064031911244 0.013423596292372943 0.015532142924599413
0 0.10112442540254277 0.7976252807517815 0.02088114978813568 0.020857449070176556
0 0.08829743338983086 0.8120479848960526 0.0065626470762712155 0.03993979609182745
0 0.0818839373834749 0.8122698726521185 0.0074575534957627455 0.04482132672527286
0 0.0868059226906783 0.8402277299163976 0.0047728342372881545 0.013757040876073887
1 0.12737501370762763 0.8923713525918389 0.027443796864406896 0.006212857169839765
1 0.13945625037076326 0.8768392096672392 0.00686094921610172 0.023963877655096583
1 0.1327444522245768 0.8883773729826561 0.01372189843220342 0.012425714339679388
3 0.017114527522548193 0.8919171570307072 0.0057048425075160655 0.006062092918945581
3 0.02200439252899053 0.8849457501739195 0.006112331258052923 0.01030555796220753
3 0.025589060883133192 0.8797089895494173 0.009168496887079387 0.007880720794629354
3 0.028039235147988607 0.8740676841302282 0.009072787952353787 0.008098395383224216
3 0.032489221619857366 0.8682831159993537 0.005875710292952921 0.006041660047802253
3 0.038926580690813145 0.8623700019100152 0.005098042754179737 0.002956557044669097
3 0.04225326960667621 0.8584493501768671 0.0017281500861626232 0.002828011086205322
1 0.059102732946761806 0.8649409210792929 0.0067397853360342454 0.007327119632441138
1 0.04229647335883027 0.8887219233951104 0.004406782719714695 0.008869671134007717
1 0.051852943505815645 0.9181028329139886 0.06051207945472395 0.0290980460109391
1 0.05032486069130243 0.9411387860059819 0.05908586882784496 0.027279418135255327
1 0.007844158447834586 0.9126469492869375 0.011613429390300556 0.006668302210840125
1 0.022310009091893176 0.9281052862302488 0.023838091906406404 0.019398697340626256
1 0.02057818190211152 0.9162842050383047 0.010594707513958404 0.0121241858378913
1 0.12581215172825605 0.9026444959706771 0.013243384392448033 0.009093139378418442
1 0.126729001416964 0.920830774727514 0.007334797509663513 0.009699348670312986
1 0.05633531976172113 0.9094643505044911 0.04217508568056519 0.025157685613624355
1 0.11562493296483453 0.8991587925422835 0.0026486768784896066 0.010608662608154873
2 0.017827632835987702 0.8564210374637166 0.004278631880637047 0.02333905773794072
2 0.2082267515243363 0.7948907943364183 0.008149775010737237 0.03970670861909397
2 0.20252190901682027 0.8070149801743096 0.0040748875053686 0.04455638295425061
2 0.20028072088886753 0.8456608225325882 0.011002196264495261 0.005455883627051179
2 0.19590021682059627 0.8847613218597874 0.011613429390300531 0.017580069464942342
2 0.1908066074388855 0.9046146761693343 0.021393159403185216 0.014852127651416823
2 0.22350757966946866 0.8724855836989227 0.007742286260200331 0.013639709067627593
2 0.2130147443431445 0.7900411200012617 0.008761008136542544 0.034250824992042794
3 0.1353762662540343 0.9907690857825147 0.018151771614823814 0.014053033584828541
3 0.1429703747867667 0.9933868077247865 0.008520219329407119 0.006062092918945439
3 0.11037127474381776 0.9931112580466527 0.0318582114056092 0.0049598942064100985
3 0.10898210854880575 0.9756138534851505 0.01870743809282864 0.005235443884543969
3 0.12426293669393805 0.9779560257492886 0.008149775010737237 0.0055109935626776975
3 0.12407771453460312 0.9831914696338326 0.002222665912019259 0.01157308648162342
3 0.09388650256300834 0.9851203173807699 0.002963554549358971 0.00826649034401683
3 0.08647761618961088 0.9845692180245021 0.0037044431866987537 0.0049598942064100985
3 0.08657022726927835 0.9947645561154562 0.007223664214062548 0.0038576954938746156
1 0.13074571227066084 0.9012154403889996 0.013706439790785332 0.015706331653632048
1 0.045821352215592165 0.9637652173253932 0.04278631880637049 0.030034914916594317
1 0.0654549011050955 0.958805323118983 0.027598101740905632 0.01625743100989979
2 0.18047786205209146 0.9149929242956941 0.021670992642187626 0.013501934228560657
2 0.17214286488201927 0.9572897998892467 0.015373439224799803 0.01157308648162342
2 0.19937052230425503 0.9300103817539913 0.014632550587460002 0.017635179400569145
2 0.20261191009261648 0.9038331623312714 0.022226659120192453 0.019839576825640394
2 0.22400506949580168 0.9468189121201587 0.01018721876342152 0.029208265882192705
0 0.4096124738392312 0.7190442938380553 0.059063823686440954 0.035147020560808075
0 0.3354545618773665 0.7456486357903336 0.04068841187288154 0.04832715327111117
0 0.32675905450130716 0.6875584212523314 0.014109691213983134 0.01903796947043787
0 0.29033636322800194 0.7124542274829037 0.01673475004449159 0.01122752045692465
0 0.28164085585194254 0.7703003654892336 0.02231300005932212 0.04002855119425377
0 0.47425454754050267 0.7651747583241161 0.009187705906779656 0.02294319397719434
0 0.4401287827438924 0.7878738757696379 0.017719147105932295 0.013668285773647426
0 0.44094911362842626 0.6585133139833301 0.014109691213983169 0.02440765316722775
1 0.48508291521635 0.5828495891649239 0.015750352983050817 0.008786755140201948
1 0.49509095200766373 0.6167762270673706 0.012140897091101692 0.013180132710303027
1 0.4850829152163501 0.5970060280019159 0.004593852953389899 0.019526122533782414
1 0.5443108050796979 0.586510737140008 0.023297397120762824 0.02294319397719413
1 0.5267557241506724 0.5686931503279316 0.007875176491525408 0.022455040913849585
1 0.4939424887693163 0.6482620996530944 0.010500235322033901 0.017573510280404107
1 0.5846710845987658 0.6111624668389081 0.012140897091101834 0.021478734787160506
1 0.617484319980122 0.6033520178253952 0.007547044137712007 0.01464459190033672
1 0.6160077243879608 0.7558998501205693 0.032156970673728934 0.03563517362415254
1 0.6245391655871133 0.7720089012109398 0.03543829421186459 0.036611479750841766
1 0.583030422829698 0.7847008808578982 0.008203308845339095 0.01415643883699218
1 0.3046101206188918 0.904810152647811 0.013125294152542395 0.01366828577364771
0 0.3233136647862647 0.8184070604358246 0.026250588305084897 0.022455040913849728
0 0.3288919148010953 0.8684427494286416 0.017719147105932222 0.01415643883699218
0 0.2724531499451628 0.824020820664287 0.007218911783898392 0.01806166334374865
0 0.4614573857417738 0.9546017651089559 0.024281794182203525 0.041004857320942986
0 0.4939424887693163 0.9367841782968795 0.04200094128813582 0.039540398130909156
0 0.5178961505977062 0.9277533466250051 0.028219382427966126 0.04295746957432115
0 0.5185524153053334 0.9550899181723005 0.024281794182203525 0.04002855119425377
0 0.4511212165966466 0.8930944791275418 0.010172102968220288 0.026360265420606196
1 0.36777559872800225 0.886260336240718 0.007547044137712007 0.0039052245067564685
1 0.3689240619663495 0.8957793209759367 0.003281323538135652 0.011227520456924935
1 0.36547867225130715 0.9065186883695171 0.002953191184322037 0.0043933775701010805
2 0.35153304721423095 0.8974878566976427 0.009843970614406814 0.011715673520269547
2 0.3464469957301208 0.9536254589822668 0.013453426506355939 0.012691979646958486
2 0.36449427518986666 0.9841350254413017 0.012797161798728852 0.016109051090370485
2 0.3643302090129598 0.9917013979231425 0.03412576479661041 0.005857836760134631
0 0.4429179077513076 0.8503810860848929 0.008859573552966182 0.01806166334374865
0 0.4758952093095705 0.7808192745582936 0.01837541181355938 0.01854981640709326
1 0.4932862240616891 0.6892905751811891 0.00721891178389825 0.014156438836992039
1 0.4885283049313924 0.7039351670815256 0.00623451472245776 0.012203826583613875
1 0.36121295165173095 0.8772295045688436 0.004265720599576283 0.005369683696790162
1 0.37778363551931576 0.8479403207681702 0.00393758824576274 0.005369683696790162
1 0.39238552526401915 0.8789380402905497 0.004921985307203443 0.0039052245067564685
0 0.40829994442397693 0.7422551825540735 0.026906853012711947 0.026360265420606196
1 0.325446525086053 0.9275092700933331 0.014765955921610221 0.006345989823479243
1 0.35120491486041744 0.931902647663434 0.007218911783898321 0.00927490820354663
1 0.35629096634452767 0.931902647663434 0.006234514722457689 0.006345989823479243
0 0.42142523857651937 0.9135969077880131 0.005906382368644074 0.016597204153714955
0 0.40747961353944306 0.8723479739353982 0.006234514722457618 0.006345989823479243
0 0.018047279459745835 0.7227290600202911 0.011156500029661065 0.009763061266890957
0 0.02723498536652553 0.7154067640701227 0.009843970614406818 0.011715673520269547
0 0.03609455891949167 0.7078403915882823 0.009187705906779699 0.011227520456924793
1 0.02821938242796622 0.585069896157126 0.017062882398305154 0.021478734787160576
1 0.03511016185805099 0.5672523093450497 0.022969264766949243 0.036611479750841766
1 0.04314940452648322 0.5687167685350835 0.022641132413135683 0.016109051090370415
1 0.005250117661016971 0.5565129419514695 0.00525011766101697 0.044421928764354704
1 0.012140897091101745 0.5528517939763853 0.01903167652118652 0.010739367393580324
1 0.03232103685063572 0.5496787990646456 0.009515838260593257 0.030753642990707136
1 0.009023639729872916 0.5489465694696287 0.012140897091101742 0.017573510280403964
1 0.008367375022245797 0.5591977837998645 0.01017210296822038 0.015620898027025803
1 0.036258625096398454 0.5848258196254538 0.012140897091101737 0.016109051090370415
1 0.03166477214300859 0.5960533400823786 0.009515838260593266 0.016109051090370415
1 0.24413047123728904 0.5250270693657456 0.005906382368644074 0.016597204153714885
1 0.2360912285688569 0.5103824774654088 0.012140897091101763 0.016597204153715028
0 0.04921985307203411 0.45375672211744034 0.006562647076271206 0.011715673520269334
0 0.056110632502118875 0.43789174755874216 0.007218911783898338 0.014156438836991967
0 0.0633295442860172 0.41885377808830443 0.00721891178389833 0.015132744963681262
0 0.07350164725423759 0.39713096676947157 0.009843970614406805 0.01464459190033672
0 0.07629077226165284 0.38517121671753 0.008859573552966148 0.01806166334374872
0 0.08236122080720372 0.43935620674877573 0.021000470644067883 0.015132744963681262
0 0.08203308845339016 0.4266642271018173 0.013125294152542431 0.01415643883699218
0 0.07186098548516977 0.4581500996875413 0.025594323597457728 0.008786755140201948
3 0.035110161858050985 0.3751640789189664 0.02428179418220349 0.022455040913849585
3 0.039704014811440834 0.3902968238826476 0.014437823567796668 0.01366828577364771
3 0.04626666188771205 0.3932257422627151 0.00721891178389833 0.017573510280404107
3 0.025468046908553862 0.37968688410173485 0.020189215367508152 0.013501934228560728
3 0.01370643979078535 0.3829934802393416 0.008890663648076984 0.006337642597079522
3 0.0032413877883614006 0.3885044738020194 0.0038896653460336805 0.004684344528276156
3 0.007964552851402297 0.38506010282534575 0.004815776142708366 0.004959894206410027
3 0.03009860089192729 0.3839579041128103 0.006853219895392675 0.01708408004430133
3 0.0483429835864186 0.394842116399099 0.009261107966746866 0.0085420400221507
3 0.03815576482299706 0.3722470427921198 0.01963354888950334 0.030034914916594248
3 0.0424158744877006 0.3566784859775549 0.021485770482852714 0.02204397425071136
3 0.04704642847107404 0.34317655174899414 0.02000399320817322 0.012124185837891233
3 0.05232526001211975 0.3375277833472493 0.0061123312580529275 0.011848636159757432
3 0.05362181512746431 0.35667848597755486 0.01166899603810104 0.021492874894443615
3 0.047324261710076455 0.3657716253559733 0.010187218763421546 0.019839576825640252
1 0.08705441488742047 0.35406076403528286 0.015558661384134736 0.011848636159757363
1 0.11928307061169953 0.3941532422037642 0.013335995472115485 0.014879682619230223
3 0.02611632446622614 0.44416550878506583 0.003704443186698745 0.005235443884543969
3 0.019636727854391495 0.4521791197556746 0.003326440237629158 0.0023146908714956993
3 0.02049516404474741 0.45030342198049733 0.0015022633331228485 0.0025541416513054573
3 0.022426645473048207 0.43637536828822165 0.0024680040472732446 0.002953226284322028
3 0.02443860529419488 0.440086855375275 0.001985133690198051 0.003033043210925328
3 0.019683314564704887 0.4568247832776999 0.0013490725939465432 0.004628333536033793
3 0.028686309222266494 0.4442504611930768 0.004818116406951929 0.004382581312881655
3 0.02589180170623437 0.4308160063274211 0.001376604687700551 0.0015154720427721458
0 0.4596052699243195 0.5086079489401015 0.02689425753543297 0.02400588795902479
0 0.47910360663750834 0.48210144765201174 0.009412990137401494 0.012336359090054429
0 0.4652082402442014 0.5502848377578528 0.023756594156299046 0.011336113758428397
1 0.49120602252845313 0.5851267168094928 0.016136554521259682 0.013003189311138285
1 0.5174279236255002 0.5472841017629747 0.011205940639763625 0.014670264863848459
1 0.5549678247687087 0.5777915843775686 0.012774772329330587 0.032341265722574876
1 0.5528386960471535 0.5379484786677985 0.008068277260629841 0.011336113758428397
1 0.546227191069693 0.5421161675495736 0.00829239607342501 0.0076685475424663
1 0.5114887750864254 0.6458082669281388 0.007844158447834601 0.013003189311138285
1 0.5034204978257955 0.6534768144706049 0.011878297078149486 0.007668547542466371
1 0.501739606729831 0.6613120695683423 0.004482376255905507 0.01933807641143659
1 0.490645725496465 0.6458082669281388 0.009188871324606183 0.022338812406314686
0 0.4401727936132611 0.27682021658946443 0.02493804802864972 0.01522035555131076
0 0.44624744633818847 0.23876932771118753 0.030692982189107383 0.01712289999522465
0 0.46894746441554924 0.21879261105009212 0.027495796544408792 0.024733077770879994
0 0.4775798656562356 0.30202893047132284 0.005115497031517861 0.01617162777326772
0 0.4858925483324522 0.3610078082326521 0.015346491094553655 0.025684349992836884
0 0.4894094525416207 0.34673872490329816 0.008312682676216597 0.02187926110500925
0 0.520102434730728 0.3633859887875443 0.012149305449854993 0.017122899995224542
0 0.5335306144384626 0.3995343332219074 0.010870431191975527 0.00951272221956927
0 0.5913996746075086 0.38288706933766137 0.015346491094553655 0.02378180554892303
0 0.6534250761146632 0.4314019526574643 0.03708735347850464 0.03519707221240608
0 0.6566222617593616 0.4547081220954089 0.03964510199426357 0.0418559777661045
0 0.6505476090344342 0.497039735972492 0.03772679060744437 0.044709794431975425
0 0.6236912496189655 0.5460302554032735 0.02493804802864972 0.013317811107396906
0 0.6390377407135189 0.5755196942839381 0.012149305449855064 0.028538166658707665
0 0.6553433875014824 0.600252772054818 0.016625365352433193 0.03614834443436301
0 0.6297659023438927 0.5598237026216486 0.01918311386819205 0.012366538885439905
0 0.590440518914099 0.3995343332219072 0.007033808418337059 0.038050888878276866
2 0.5584686624671122 0.3491169054581906 0.010870431191975456 0.013317811107396906
2 0.5671010637077988 0.3695692582302644 0.017904239610312588 0.02187926110500918
2 0.5715771236103769 0.29727256936153823 0.020461988126071588 0.016171627773267687
2 0.5389658300344504 0.2554165915954337 0.014067616836674119 0.02187926110500925
2 0.6137799741203994 0.2906136638078398 0.008952119805156328 0.016171627773267652
2 0.6236912496189652 0.18074172217181528 0.022380299512890646 0.011415266663483088
2 0.6591800102751207 0.178363541616923 0.024298610899710128 0.01046399444152616
2 0.6844377768682403 0.19691334994508294 0.012149305449854922 0.013317811107396943
2 0.6949884894957458 0.21165806938541518 0.012788742578794796 0.016171627773267687
2 0.7090561063324202 0.2249758804928121 0.014067616836674261 0.01807417221718154
2 0.5965151716390266 0.5712389692851318 0.015346491094553797 0.019976716661095253
0 0.7359124657478889 0.6696956442576735 0.040923976252143036 0.01902544443913854
0 0.7375110585702385 0.6549509248173411 0.017264802481372923 0.021879261105009106
0 0.7119335734126488 0.674452005367458 0.02749579654440865 0.009512722219569412
0 0.7723603820974541 0.6454382025977717 0.012788742578794796 0.019976716661095323
0 0.7813125019026103 0.6711225525906087 0.014067616836674403 0.01617162777326783
0 0.7893054660143569 0.6406818414879872 0.009591556934095991 0.012366538885439909
1 0.5750940278195453 0.6359254803782024 0.01598592822349346 0.010463994441526125
1 0.5898010817851593 0.611668038718301 0.021101425255011252 0.02092798888305225
1 0.7144913219284078 0.4528055776514951 0.04156341338108277 0.03044071110262152
1 0.7064983578166613 0.48419756097607347 0.019183113868192124 0.0608814222052429
1 0.7231237231690943 0.47420920264552585 0.02557748515758945 0.04090470554414764
1 0.7189673818309861 0.3790819804498336 0.02110142525501118 0.031391983324578376
1 0.7317561244097809 0.40191251377679976 0.02493804802864972 0.031391983324578446
1 0.7573336095673702 0.4214135943269167 0.022380299512890788 0.022830533326966176
1 0.7742786934842733 0.40619323877560587 0.020461988126071588 0.011415266663483123
1 0.8257533823639218 0.34864126934721207 0.014707053965613994 0.01236653888543998
1 0.8100871727048984 0.32533509990926746 0.006394371289397327 0.007610177775655416
1 0.7435857112951659 0.5660069720643688 0.0179042396103128 0.026635622214793812
1 0.7570138910029004 0.5631531553984981 0.029414107931227847 0.022830533326966176
1 0.7496603640200931 0.5817029637266576 0.013428179707734529 0.029489438880664666
1 0.7739589749198033 0.5798004192827443 0.009591556934096133 0.02187926110500925
1 0.7560547353094907 0.5983502276109042 0.013428179707734671 0.011415266663483123
1 0.7701223521461649 0.5973989553889473 0.017264802481372923 0.007610177775655416
1 0.8359843764269579 0.5921669581681841 0.02493804802864972 0.02187926110500925
1 0.8561266459885593 0.6016796803877535 0.02813523367334838 0.014269083329353833
1 0.8976900593696422 0.6050091331646026 0.014067616836674261 0.026635622214793812
1 0.9063224606103287 0.6406818414879872 0.02110142525501118 0.02758689443675074
2 0.6873152439484691 0.12318975274342144 0.023019736641830376 0.029489438880664576
2 0.7036208907364323 0.11938466385559376 0.022380299512890646 0.027586894436750758
2 0.6527856389857234 0.08133377497731686 0.021740862383951055 0.018074172217181515
2 0.6937096152378665 0.12984865829711992 0.019183113868191982 0.044709794431975355
1 0.6975462380115046 0.4356826776562704 0.008952119805156257 0.026635622214793816
1 0.632003932295182 0.07277232497970457 0.009591556934096062 0.014269083329353833
1 0.6393574592779888 0.058503241650350715 0.010230994063035794 0.008561449997612299
1 0.648629297647615 0.04566106665393227 0.009591556934095991 0.011415266663483066
1 0.6962673637536255 0.046136702764910734 0.006394371289397469 0.012366538885439992
1 0.7052194835587818 0.04185597776610459 0.014067616836674261 0.0038050888878276945
1 0.8772280712435707 0.6711225525906087 0.007673245547276792 0.01617162777326783
0 0.7595716395186594 0.21403624994030754 0.03452960496274571 0.022830533326966176
0 0.743265992730696 0.2378180554892306 0.014707053965613994 0.026635622214793847
0 0.7672448850659361 0.23686678326727367 0.04476059902578143 0.032343255546535374
0 0.7902646217077666 0.1902544443913845 0.023019736641830518 0.06658905553698455
0 0.7704420707106349 0.24923332215271365 0.026856359415468916 0.038050888878276935
0 0.8490928375702222 0.24067187215510139 0.040923976252143036 0.06849159998089842
0 0.8321477536533195 0.22497588049281217 0.03261129357592651 0.0428072499880615
0 0.83086887939544 0.1778879055059445 0.012149305449855064 0.017122899995224615
0 0.8423787477163551 0.21308497771835058 0.013428179707734529 0.05136869998567381
0 0.8708336999541735 0.36195908045460895 0.021740862383951055 0.02378180554892303
0 0.8999280893209314 0.3862165221145105 0.02749579654440865 0.02473307777087996
0 0.8999280893209314 0.40238814988777816 0.013428179707734245 0.028538166658707665
0 0.9616337722636156 0.08941958886395067 0.028135233673348237 0.032343255546535374
0 0.9216689517048823 0.0428072499880615 0.05690990447563664 0.00761017777565538
0 0.9421309398309539 0.07990686664438149 0.021101425255011463 0.05897887776132919
0 0.866677358616065 0.08228504719927379 0.01598592822349346 0.019976716661095368
0 0.9795380118739285 0.2316347860465106 0.014067616836674261 0.01807417221718154
0 0.9865718202922656 0.2440013249319506 0.0038366227736385383 0.019976716661095323
0 0.9191112031891234 0.44091467487703356 0.01854367673925239 0.031391983324578446
0 0.9271041673008699 0.47135538597965493 0.017904239610312657 0.031391983324578376
0 0.9382943170573157 0.5075037304140182 0.012149305449855064 0.025684349992836884
0 0.9593957423123267 0.6325960276013534 0.01087043119197574 0.028538166658707665
0 0.9852929460343861 0.6050091331646026 0.021740862383951197 0.03424579999044923
0 0.9309407900745086 0.7757624970058703 0.03708735347850478 0.04851488331980306
0 0.9226281073982919 0.7876533997803314 0.06138596437821477 0.05517378887350147
0 0.8935337180315338 0.7805188581156547 0.028774670802288113 0.016171627773267402
0 0.9264647301719304 0.8166672025500179 0.03708735347850478 0.05422251665154462
0 0.8641196101003061 0.8637551775368856 0.015985928223493318 0.024733077770880244
0 0.8506914303925717 0.8932446164175503 0.027495796544408507 0.009512722219569553
1 0.8689153885673542 0.7220156164653041 0.014067616836674261 0.02092798888305225
1 0.9181520474957139 0.7010876275822517 0.019183113868192124 0.01522035555131069
1 0.6185757525874476 0.8076301164414272 0.023659173770770252 0.01902544443913854
1 0.6217729382321461 0.8537668192063379 0.014707053965613852 0.03329452776849223
1 0.5968348902034966 0.8309362858793716 0.00959155693409592 0.01617162777326783
1 0.6626969144842892 0.8794511691991747 0.04028453912320344 0.031391983324578376
1 0.6598194474040605 0.8204722914378456 0.02813523367334838 0.023781805548923104
1 0.687634962512939 0.7377116081275933 0.009591556934096133 0.010463994441526268
1 0.707137794945601 0.7429436053483565 0.016625365352433193 0.020927988883052393
0 0.7093758248968899 0.6958556303614887 0.022380299512890788 0.01807417221718154
1 0.9891295688080245 0.8095326608853409 0.015346491094553443 0.02473307777087996
2 0.6588602917106507 0.773121575063274 0.0031971856446988056 0.01807417221718154
2 0.8295900051375604 0.9410211222386706 0.017264802481372785 0.00951272221956927
2 0.8730717299054623 0.9467287555704124 0.010870431191975456 0.01522035555131069
2 0.9267844487364002 0.9524363889021538 0.008312682676216668 0.0057076333317415615
2 0.9763408262292296 0.957192750011938 0.010230994063035723 0.017122899995224684
2 0.3567262482866256 0.9667054722315075 0.021740862383950912 0.007610177775655274
1 0.6687715672092167 0.8715782500358152 0.03708735347850478 0.028538166658707665
1 0.6748462199341444 0.8501746250417845 0.008312682676216668 0.029489438880664808
1 0.6700504414670962 0.9015433250274583 0.014067616836674119 0.037099616656320084
0 0.5834067104957609 0.9605222027887867 0.030053545060167598 0.031391983324577176
0 0.5789306505931839 0.8711026139248369 0.023659173770770252 0.02948943888066438
0 0.6313644951662423 0.9267520389093167 0.019822550997131785 0.03805088887827722
0 0.5814883991089428 0.911531683358006 0.008312682676216526 0.015220355551310832
0 0.5961954530745568 0.9148611361348551 0.012149305449855064 0.014269083329354117
0 0.6383983035845793 0.9519607527911753 0.02749579654440865 0.03519707221240623
1 0.9919111203189125 0.8238606279652342 0.010550712627505732 0.03243838276873092
1 0.9898009777934114 0.9457661632090137 0.009143950943838347 0.016742391106441802
1 0.8969502147576459 0.7354519812491698 0.012683050491366714 0.01808203397108201
1 0.8681491209335007 0.7586441552555576 0.006869985682823483 0.011006455460658487
1 0.9194097833361076 0.8871838315282489 0.005813064808543089 0.011792630850705593
1 0.9598370067773387 0.8742119375924724 0.005284604371402821 0.012578806240752699
0 0.884267164266279 0.9233478994704132 0.005284604371402821 0.013364981630799804
2 0.38381513029443626 0.9740562121284472 0.01373997136564718 0.003144701560188281
2 0.8731694950863335 0.955581090462342 0.008455366994244429 0.013364981630799804
2 0.9492677980345334 0.8883630946133196 0.006341525245683357 0.017295858581034905
2 0.9363205173245964 0.9162723209599898 0.011097669179945768 0.010220280070611806
2 0.653594183454548 0.753534015220252 0.0036992230599820174 0.008647929290517452
2 0.7933719690781516 0.566817360084079 0.010569208742805501 0.014151157020846768
0 0.13237933950363956 0.32429734839440527 0.01638227355134861 0.010220280070611522
0 0.14532662021357637 0.3557443639962871 0.022195338359891677 0.019654384751176153
0 0.22406722534747772 0.3136839806287703 0.03382146797697775 0.018868209361129012
0 0.24652679392593954 0.30503605133825273 0.024837640545593054 0.02987466482178764
0 0.253132549390193 0.3282282253446405 0.01796765486276943 0.041667295672493304
0 0.205571110047568 0.3282282253446405 0.012683050491366643 0.02594378787155236
0 0.20240034742472635 0.15566272722931454 0.027479942731294428 0.007861753900470437
0 0.2053068798289979 0.11596087003193886 0.022723798797031947 0.014937332410893803
0 0.13898509496789302 0.181606515100867 0.007398446119963911 0.015723507800940874
2 0.0760983029482 0.07901062669972785 0.029593784479855553 0.03537789255211693
2 0.05865910852257082 0.07429357435944559 0.035935309725538905 0.03223319099192877
2 0.06685024529824514 0.10220280070611562 0.010040748305665276 0.03773641872225806
2 0.1070132385209062 0.12736041318762098 0.008983827431384714 0.012578806240752683
2 0.08825289300242638 0.06800417123906924 0.026423021857013892 0.024371437091458344
2 0.12841588622508746 0.09709266067080984 0.021138417485611124 0.01965438475117608
2 0.015589582895638191 0.1666691826899732 0.007926906557104168 0.022012910921317203
2 0.022459568578461805 0.145442447158703 0.007926906557104166 0.017295858581034926
2 0.027744172949864577 0.12893276396771508 0.010040748305665276 0.01729585858103496
2 0.030914935572706245 0.08765855599024532 0.00686998568282361 0.008647929290517472
2 0.040691453659801376 0.08647929290517477 0.020081496611330546 0.03301936638197582
2 0.06182987114541248 0.10220280070611562 0.011626129617086107 0.05345992652319894
0 0.5361231134788117 0.14858714871889117 0.03012224491699584 0.025157612481505377
0 0.5733795742972013 0.10888529152151548 0.01902457573705 0.03537789255211696
0 0.4941105087261596 0.08726546829522178 0.02219533835989175 0.02987466482178764
0 0.5009804944089832 0.057783891168457675 0.012683050491366643 0.024371437091458344
2 0.4412644650121318 0.11360234386179772 0.020081496611330536 0.010220280070611541
2 0.45183367375493744 0.07114887279925741 0.006341525245683286 0.019654384751176073
0 0.09723672043381111 0.4878218295241903 0.005284604371402768 0.007075578510423384
0 0.08719597212814582 0.3070014898133704 0.01585381311420832 0.014937332410893837
0 0.32553162927841106 0.08215532825991602 0.01585381311420832 0.011792630850705645
2 0.26951482294154167 0.057783891168457675 0.016910733988488927 0.013364981630799733
