1 0.5695840194524383 0.06894150417827298 0.3012973422182551 0.03481894150417826
1 0.5527785900060019 0.11142061281337048 0.2796903615014081 0.0584958217270195
1 0.6206005017005494 0.1427576601671309 0.10323335231382451 0.1128133704735376
1 0.5521783960972005 0.13231197771587744 0.06722171778574612 0.11420612813370473
1 0.499961526031487 0.14066852367688024 0.07082288123855399 0.06963788300835655
1 0.6266024407885624 0.18593314763231197 0.07442404469136193 0.0821727019498607
1 0.8564767078594623 0.051532033426183836 0.08282675941457995 0.01949860724233983
1 0.9002908632019575 0.09192200557103064 0.01680542944643662 0.041782729805013935
1 0.9795164591637296 0.1671309192200557 0.026408531987257504 0.22005571030640667
1 0.9585096723556842 0.20334261838440112 0.05401745179211744 0.03342618384401114
1 0.9687129688053062 0.2590529247910863 0.031210083257667803 0.06128133704735376
1 0.9170962926483941 0.1288300835654596 0.012003878176026177 0.020891364902506968
1 0.9855183982517428 0.3537604456824513 0.019206205081641912 0.04735376044568241
0 0.17465642746117976 0.33913649025069637 0.08282675941458009 0.09610027855153205
0 0.24367872697332985 0.2694986072423398 0.10323335231382448 0.048746518105849575
0 0.2718878406869911 0.22005571030640667 0.046815124886501816 0.07242339832869081
0 0.29529540313024205 0.19498607242339833 0.057618615244925314 0.06963788300835651
0 0.3961279798088613 0.5793871866295265 0.2112682558980594 0.09192200557103057
0 0.43334000215454227 0.4944289693593315 0.22087135843888028 0.10306406685236773
0 0.3835239077240339 0.22771587743732588 0.08282675941458009 0.0766016713091922
0 0.4285384508841318 0.25417827298050144 0.11763800612505584 0.07660167130919224
0 0.5839886732636697 0.2931754874651811 0.046815124886501774 0.04874651810584954
0 0.3901260407208483 0.3252089136490251 0.10323335231382451 0.048746518105849575
0 0.33130703765832037 0.6295264623955431 0.11523723048985055 0.1532033426183844
0 0.3709198356392065 0.7569637883008358 0.10083257667861929 0.1044568245125349
0 0.7580449068160482 0.42200557103064074 0.202865541174841 0.06685236768802227
0 0.8102617768817617 0.4825905292479109 0.07442404469136178 0.07381615598885795
0 0.7682482032656703 0.12952646239554316 0.04081318579848869 0.08356545961002786
0 0.8084611951553577 0.1469359331476323 0.04201357361609127 0.06545961002785514
0 0.8318687575986087 0.15877437325905291 0.048015512704104424 0.04735376044568246
0 0.76344665199526 0.18384401114206128 0.06722171778574605 0.027855153203342625
0 0.8198648794225827 0.4178272980501393 0.10083257667861915 0.10306406685236766
0 0.7562443250896445 0.4665738161559888 0.06001939088013046 0.0584958217270195
1 0.9549085089028762 0.23955431754874654 0.03241047107527052 0.027855153203342625
1 0.04741531879530309 0.28551532033426186 0.0852275350497853 0.02785515320334259
1 0.0360116345280783 0.3084958217270195 0.06962249342095138 0.023676880222841205
1 0.014404653811231318 0.34052924791086353 0.01920620508164176 0.06267409470752092
1 0.03000969544006525 0.3266016713091922 0.04081318579848874 0.032033426183844006
1 0.014404653811231323 0.20264623955431754 0.016805429446436544 0.018105849582172696
0 0.24667969651733634 0.3795264623955431 0.11163606703704275 0.057103064066852414
0 0.7412394773696116 0.2736768802228412 0.049215900521707 0.03481894150417826
0 0.4681512488650179 0.6525069637883008 0.031210083257667876 0.040389972144846666
1 0.6416072885085949 0.21866295264623958 0.020406592899244343 0.050139275766016705
