1 0.6542177729215081 0.1692200557103064 0.1795451863935527 0.11002785515320335
1 0.7692389079548776 0.37186629526462395 0.12231515823060789 0.1838440111420613
1 0.6671225831935444 0.2061281337047354 0.14700262135972125 0.1337047353760446
1 0.6657145360066948 0.378807183974641 0.12119300081564782 0.17419633040317561
1 0.666995909035637 0.35278548796112263 0.07406238938734082 0.0919220055710306
1 0.700226226934856 0.3607242339832869 0.02244314829919418 0.13649025069637888
1 0.7798994033969947 0.38997214484679665 0.17730087156363325 0.10306406685236767
1 0.8909929874780057 0.46657381615598886 0.049374926258226995 0.06406685236768808
1 0.7709221440773173 0.4596100278551532 0.09874985251645399 0.07242339832869078
1 0.8416180612197788 0.44289693593314766 0.06508513006766278 0.10027855153203348
2 0.33103643741311295 0.17618384401114207 0.03815335210862994 0.034818941504178295
0 0.3924725570614176 0.6559017826109974 0.24696088101195804 0.6677509397058428
0 0.8029036304036689 0.6302228412256267 0.08191749129205846 0.1434540389972144
0 0.7540897828529216 0.8579387186629526 0.06508513006766278 0.07799442896935943
0 0.6682447406085044 0.940807799442897 0.025809620544073226 0.04596100278551532
0 0.6256027588400355 0.8488857938718664 0.039275509523589776 0.11002785515320326
0 0.6671225831935444 0.7604456824512533 0.09762769510149426 0.1476323119777159
0 0.6817106295880209 0.7298050139275766 0.1425139916998826 0.15598885793871858
0 0.8152473619682256 0.7583565459610027 0.034786879863750925 0.13231197771587744
0 0.7462346809482037 0.8126740947075208 0.049374926258227134 0.051532033426183836
0 0.7810215608119546 0.8224233983286908 0.06284081523774347 0.05710306406685234
0 0.8208581490430242 0.09749303621169916 0.07518454680230022 0.06963788300835656
0 0.9190469228519983 0.19637883008356546 0.10099416734637344 0.16991643454039
0 0.8427402186347374 0.1448467966573816 0.04937492625822673 0.11977715877437319
0 0.9325128118315148 0.30013927576601673 0.0740623893873405 0.07103064066852369
0 0.9527116453007894 0.35584958217270196 0.03590903727871051 0.08217270194986075
0 0.9611278259129873 0.17757660167130918 0.06845160231254198 0.2632311977715877
0 0.7782161672745553 0.06963788300835655 0.05947434299286442 0.047353760445682465
0 0.9016534829201228 0.1288300835654596 0.0549857133330255 0.0766016713091922
1 0.6295303097923945 0.08286908077994429 0.1436361491148422 0.07381615598885795
1 0.5543457629900942 0.08844011142061282 0.0561078707479853 0.04596100278551533
1 0.5122648599291053 0.11350974930362118 0.021320990884234448 0.043175487465181045
1 0.5492960546227755 0.16643454038997216 0.025809620544073156 0.029247910863509734
1 0.5543457629900942 0.18593314763231197 0.015710203809435868 0.048746518105849575
1 0.40678206292289304 0.10654596100278552 0.028053935373992544 0.05431754874651812
1 0.4342749195894058 0.08286908077994429 0.04488629659838821 0.05710306406685237
1 0.479161216187794 0.057103064066852366 0.031420407618871736 0.03064066852367688
1 0.9061421125799618 0.5069637883008355 0.030298250203912004 0.09192200557103054
0 0.867427681763852 0.6371866295264624 0.031420407618871736 0.1128133704735376
0 0.8371294315599398 0.7165738161559889 0.038153352108629975 0.1295264623955431
0 0.672733370268343 0.8593314763231197 0.08640612095189723 0.1420612813370475
2 0.34394124768514955 0.1392757660167131 0.030298250203912004 0.0417827298050139
2 0.3400136967327906 0.18732590529247908 0.017954518639355255 0.05710306406685237
3 0.04376413918342848 0.04596100278551532 0.08079533387709875 0.01671309192200557
3 0.023565305714153807 0.052924791086350974 0.03815335210862997 0.013927576601671312
0 0.9237467305442228 0.8464445186536272 0.043537008749907645 0.13825691617197902
0 0.9757158723074636 0.5675487465181058 0.025809620544073226 0.06267409470752085
0 0.9813266593822622 0.6302228412256267 0.016832361224395527 0.12395543175487467
0 0.9639332194503865 0.6399721448467967 0.026931777959032815 0.08774373259052921
0 0.9880596038720202 0.516016713091922 0.014588046394476067 0.08217270194986077
0 0.942612228566152 0.9268802228412255 0.08303964870701819 0.05710306406685234
0 0.9555170388381887 0.8133704735376045 0.06845160231254198 0.038997214484679577
2 0.9448565433960715 0.7325905292479109 0.02244314829919418 0.03621169916434539
2 0.8259078574103428 0.9108635097493035 0.024687463129113497 0.052924791086350925
2 0.843862376049698 0.9749303621169918 0.06508513006766278 0.044568245125348224
2 0.577911068704248 0.9540389972144845 0.022443148299193964 0.038997214484679577
0 0.012904810272036604 0.8126740947075206 0.02580962054407321 0.06824512534818913
0 0.029176092788952328 0.8231197771587744 0.031420407618871736 0.03064066852367688
0 0.32262025680091516 0.2534818941504178 0.021320990884234413 0.01671309192200557
0 0.24631355258365523 0.28064066852367686 0.012343731564556783 0.045961002785515355
0 0.26819562217536946 0.2465181058495822 0.008977259319677664 0.019498607242339823
