3 0.34712240364835817 0.9394150417827298 0.028742619410373607 0.029247910863509786
3 0.37144308161098194 0.9387186629526463 0.03758650230587321 0.025069637883008228
3 0.49359921410506985 0.9449860724233983 0.023215192600686406 0.026462395543175463
0 0.20396204927745884 0.6350974930362117 0.09617722648855785 0.2367688022284122
0 0.23878483817848842 0.5584958217270196 0.1503460092234927 0.052924791086350995
0 0.39078907544488684 0.43036211699164306 0.03869198766781063 0.05013927576601643
0 0.2863207087417986 0.2785515320334262 0.024320677962623806 0.027855153203342625
0 0.30345573185182906 0.3022284122562674 0.03427004622006088 0.038997214484679646
0 0.23989032354042586 0.41504178272980496 0.05085232664912258 0.044568245125348155
0 0.2802405392511427 0.36281337047353757 0.03427004622006084 0.05710306406685234
0 0.3603882279916075 0.46030640668523676 0.06632912171624677 0.06267409470752092
0 0.2907426501895484 0.4422005571030641 0.08843882895499572 0.043175487465181066
0 0.5018903543196006 0.5188022284122562 0.15697892139511738 0.05710306406685234
0 0.4571181971611341 0.48328690807799435 0.023215192600686406 0.0417827298050139
0 0.5521899382877545 0.4505571030640668 0.049746841287185074 0.10445682451253482
0 0.7325098232948806 0.39492842545430124 0.04421941447749786 0.09470752089136499
0 0.6207300307278761 0.46030640668523687 0.11165402155568202 0.0933147632311978
0 0.7008777194683411 0.6316155988857939 0.028742619410373607 0.054317548746518084
0 0.8755444066544575 0.4818941504178273 0.06854009244012162 0.06685236768802227
0 0.8937849151264254 0.967966573816156 0.054168782734934806 0.04735376044568241
0 0.9556920953949224 0.8871866295264624 0.06080169490655948 0.03064066852367688
0 0.9750380892288277 0.9394150417827298 0.04643038520137281 0.048746518105849644
0 0.8965486285312692 0.9637883008356546 0.024320677962623733 0.07242339832869078
2 0.5068650384483192 0.056406685236768804 0.03648101694393567 0.032033426183844006
2 0.6406287672427502 0.0988857938718663 0.0210042218768114 0.027855153203342625
0 0.622941001451751 0.9380222841225627 0.04090295839168547 0.054317548746518014
0 0.6771097841866859 0.9011142061281338 0.04090295839168547 0.05013927576601674
0 0.7721815253133063 0.7834261838440111 0.032059075496186154 0.040389972144846666
3 0.3516339552811054 0.9528294765971772 0.016848477005483246 0.03144701560188167
3 0.3900110417935953 0.9331750918460011 0.041185166013403676 0.018868209361129117
3 0.4748774444878816 0.9382852318813071 0.01622445933861364 0.014937332410893732
3 0.4096675982999925 0.9312096533708837 0.026832759675399415 0.011792630850705593
1 0.22275530043039546 0.9909470752089138 0.04311392911556041 0.018105849582172623
1 0.22386078579233293 0.9784122562674095 0.016582280429061704 0.02089136490250695
1 0.6925865792538102 0.05779944289693593 0.05416878273493495 0.020891364902506968
1 0.5881182125507215 0.04944289693593315 0.03316456085812348 0.018105849582172696
1 0.7030886901922159 0.06963788300835655 0.024320677962623875 0.022284122562674095
2 0.5221135603813405 0.33765478195528537 0.01684847700548332 0.010220280070611522
2 0.354252807993377 0.3254690634095563 0.0205925830067018 0.017295858581034978
2 0.47968035903419726 0.06682490815399866 0.025584724341659922 0.025157612481505387
1 0.004475230860004371 0.05369683696790131 0.008098036794293623 0.022552671526518547
1 0.002770381008574134 0.06712104620987662 0.0012786373885726775 0.03543991239881486
1 0.4335030516858356 0.973663124433424 0.028080795009138838 0.010220280070611806
0 0.5980675808081586 0.5473537604456824 0.1304472727086187 0.10306406685236766
0 0.7506245607555261 0.5891364902506965 0.10391562402211989 0.052924791086350995
