2 0.42593248075019113 0.06406685236768803 0.21442825117858594 0.036211699164345405
2 0.4332425347676429 0.12604456824512536 0.09064466981640223 0.08495821727019498
2 0.36599003780708644 0.11420612813370475 0.06530314922256927 0.05013927576601672
2 0.44006525185059786 0.17339832869080785 0.039961628628736465 0.051532033426183836
1 0.9707751735175979 0.44428969359331477 0.03898695475974279 0.7938718662952646
1 0.9761358797970626 0.8266016713091922 0.028265542200813485 0.07938718662952653
1 0.5394819864879422 0.8495821727019498 0.09064466981640223 0.050139275766016594
1 0.5692095394922463 0.8955431754874652 0.06627782309156295 0.0752089136490251
1 0.5365579648809615 0.8071030640668524 0.024366846724839276 0.054317548746518014
0 0.07115119243653077 0.6462395543175488 0.05848043213961434 0.14484679665738162
0 0.049708367318672196 0.738857938718663 0.0701765185675372 0.07660167130919233
0 0.10818879945828652 0.3983286908077994 0.04288565023571717 0.027855153203342625
0 0.20858020796462448 0.41364902506963785 0.10331543011331863 0.08356545961002787
0 0.24464314111738666 0.5139275766016713 0.062379127615588635 0.058495821727019504
0 0.2456178149863802 0.47284122562674097 0.027290868331820022 0.043175487465181066
0 0.36257867926560894 0.33286908077994426 0.027290868331820022 0.052924791086350995
0 0.3099462903399559 0.2562674094707521 0.03898695475974289 0.044568245125348224
0 0.2154029250475795 0.19359331476323122 0.060429779877601494 0.047353760445682444
0 0.04775901958068504 0.14275766016713093 0.04093630249773003 0.0766016713091922
0 0.25926324915229026 0.8300835654596099 0.04093630249773003 0.08077994428969362
0 0.613069863596957 0.44428969359331477 0.04873369344967862 0.10584958217270199
0 0.7948465401642583 0.6044568245125348 0.0945433652923765 0.22005571030640675
0 0.749524205256057 0.38718662952646243 0.0623791276155886 0.15598885793871872
0 0.8318841471860139 0.1915041782729805 0.13158097231413224 0.16573816155988863
0 0.8377321903999754 0.5884401114206128 0.04970836731867223 0.12116991643454035
0 0.7027398595443657 0.8676880222841226 0.038986954759742926 0.09749303621169929
0 0.8650230587317955 0.9428969359331476 0.08284727886445367 0.08077994428969362
0 0.742701488173102 0.8565459610027856 0.07212586630552423 0.027855153203342694
1 0.5984497555620534 0.8969359331476323 0.040936302497730066 0.02785515320334255
1 0.5857789952651369 0.9296657381615598 0.042885650235717276 0.048746518105849644
1 0.668138937195094 0.9561281337047354 0.026316194462826417 0.020891364902506808
0 0.4849002498243023 0.4986072423398329 0.055556410532633646 0.047353760445682486
0 0.6983538271338946 0.35724233983286907 0.07699923565049219 0.05988857938718667
0 0.6817843713610039 0.49582172701949856 0.04386032410471074 0.06406685236768801
0 0.8160204803608514 0.4974056212128448 0.03268057256748023 0.10723432320241663
3 0.8334785890090783 0.3724792022878004 0.0025409547153682865 0.010892671661407434
3 0.8446305569265278 0.3904319389149349 0.003952596223905971 0.007261781107604932
3 0.8480184965470188 0.3968868554550282 0.00564656603415159 0.00564805197258174
3 0.8374311852329845 0.3775221058347483 0.0031056113187833034 0.005648051972581598
