1 0.38185701296068836 0.7290830121217472 0.06768904062099301 0.2178694062744594
1 0.5064841461600416 0.8551532033426185 0.15728158328075226 0.10584958217270199
1 0.7278954226237195 0.5605849582172702 0.08893899054566347 0.07660167130919213
1 0.7555133196878993 0.6866295264623955 0.07115119243653084 0.13927576601671304
1 0.6333392326751721 0.8279944289693593 0.07770459173989536 0.07660167130919233
1 0.12123788711224652 0.059888579387186634 0.1301317861668129 0.025069637883008363
1 0.26728507158723075 0.06267409470752089 0.10953538835623813 0.027855153203342614
1 0.2836685698456425 0.9881615598885795 0.17975038089228831 0.02089136490250695
1 0.32111656586486914 0.9770194986072422 0.09549238984902818 0.04038997214484681
1 0.41848135551485866 0.9519498607242339 0.14604718447498427 0.029247910863509786
1 0.5312934435227792 0.8927576601671309 0.13574898556969686 0.08077994428969362
1 0.42877955442014604 0.7883008356545961 0.0411927956211494 0.07242339832869092
1 0.5050798463093206 0.798050139275766 0.04400139532259139 0.044568245125348224
1 0.5635923400893623 0.7966573816155988 0.061789193431724246 0.07520891364902496
1 0.8538143092383694 0.05153203342618385 0.06740639283460823 0.011142061281337047
1 0.7138524241165095 0.04944289693593315 0.01404299850721003 0.018105849582172696
0 0.04212899552163007 0.14623955431754876 0.059916793630762764 0.05571030640668525
0 0.06740639283460811 0.22632311977715877 0.09174759024710548 0.10724233983286907
0 0.09642858974950883 0.2604456824512535 0.08987519044614416 0.05849582172701954
0 0.15026008402714727 0.12047353760445682 0.05149099452643679 0.02924791086350975
0 0.25043347337857874 0.19289693593314763 0.09268379014758618 0.04038997214484681
0 0.2583911725326644 0.17409470752089135 0.06927879263556942 0.05292479108635096
0 0.2658807717365098 0.14484679665738162 0.03370319641730408 0.05571030640668525
0 0.22702847586656205 0.25 0.05523579412835943 0.0682451253481894
0 0.26400837193554844 0.2869080779944289 0.059916793630762764 0.08077994428969358
0 0.21532597711055368 0.33286908077994426 0.04306519542211074 0.08356545961002787
0 0.29069006909924755 0.3454038997214484 0.05710819392932077 0.047353760445682444
0 0.05804439382980142 0.314066852367688 0.04493759522307207 0.2075208913649025
0 0.10391818895335415 0.31824512534818944 0.11983358726152553 0.0933147632311978
0 0.061321093481483756 0.456824512534819 0.029022196914900694 0.08356545961002788
0 0.14464288462426325 0.4672701949860724 0.051490994526436754 0.10167130919220056
0 0.09830098955047015 0.4784122562674095 0.07115119243653077 0.05153203342618391
0 0.2569868726819434 0.46448467966573814 0.09455618994854749 0.09888579387186631
0 0.3103502670093415 0.44428969359331477 0.02902219691490071 0.08356545961002787
0 0.10719488860503651 0.5452646239554317 0.10766298855527687 0.09052924791086348
0 0.3061373674571785 0.5696378830083565 0.052427194426917435 0.044568245125348155
0 0.24762487367713676 0.5835654596100278 0.06647019293412743 0.05571030640668518
0 0.1966019791009403 0.5912256267409471 0.08987519044614413 0.05710306406685227
0 0.12311028691320787 0.5800835654596099 0.07583219193893412 0.08217270194986064
0 0.07910889159061645 0.5745125348189416 0.02153259771105536 0.10445682451253482
0 0.42363045496750223 0.32172701949860705 0.15821778318123278 0.03342618384401137
0 0.43907775332543336 0.3565459610027855 0.10298198905287351 0.022284122562674112
0 0.3857143589980353 0.4818941504178273 0.06553399303364678 0.09470752089136497
0 0.35950076178457663 0.20403899721448468 0.04493759522307208 0.1350974930362117
0 0.4334605539225494 0.22771587743732588 0.029958396815381434 0.18802228412256267
0 0.4741852495934584 0.2708913649025069 0.03838419591970734 0.11559888579387188
0 0.5256762441198952 0.15459610027855153 0.053363394327398124 0.06685236768802227
0 0.5748267388951303 0.26462395543175493 0.08238559124229873 0.06406685236768798
0 0.6576804300876694 0.2708913649025069 0.11140778815719955 0.048746518105849575
0 0.6342754325756528 0.10167130919220055 0.09455618994854753 0.06128133704735376
0 0.5621880402386412 0.06197771587743732 0.12451458676392896 0.04317548746518105
0 0.5369106429256633 0.2193593314763231 0.09081139034662478 0.05988857938718667
0 0.599636036257868 0.2346796657381616 0.03089459671586205 0.0877437325905293
0 0.6010403361085891 0.1727019498607242 0.013106798606729341 0.07520891364902509
0 0.6923198264054542 0.1733983286908078 0.0458737951235527 0.054317548746518084
0 0.6834259273508878 0.17409470752089135 0.05804439382980149 0.052924791086350995
0 0.631934932824451 0.11211699164345404 0.02059639781057463 0.05710306406685237
0 0.15915398308171358 0.7311977715877437 0.17787798109132694 0.0835654596100278
0 0.1783460810415673 0.6915041782729804 0.12825938636585155 0.05710306406685234
0 0.22047507656319737 0.7980501392757663 0.05523579412835947 0.07799442896935929
0 0.23545427497088814 0.8558495821727021 0.07021499253605008 0.0821727019498609
0 0.2471567737268964 0.7945682451253482 0.041192795621149365 0.09610027855153191
0 0.24528437392593502 0.8669916434540387 0.08238559124229877 0.09888579387186622
0 0.11889738736104487 0.7980501392757663 0.06553399303364676 0.07799442896935929
0 0.12404648681368853 0.8307799442896936 0.03276699651682339 0.09888579387186638
0 0.11765724451404509 0.941023511126551 0.02246879761153592 0.08235032321531714
0 0.17099779134593038 0.9377031470786896 0.010642629684071087 0.054317548746518216
0 0.01685159820865203 0.7458217270194986 0.03370319641730406 0.05988857938718667
0 0.037916095969467066 0.8356545961002785 0.038384195919707396 0.06406685236768794
0 0.009830098955047016 0.9157381615598885 0.019660197910094032 0.11002785515320326
0 0.03697989606898639 0.8224233983286908 0.03276699651682338 0.09610027855153205
0 0.006553399303364678 0.5188022284122563 0.009361999004806682 0.15738161559888575
0 0.012638698656489025 0.6239554317548743 0.025277397312978046 0.07242339832869081
0 0.0716192923867711 0.7026462395543175 0.0234049975120167 0.043175487465181135
0 0.11187588810743986 0.6894150417827298 0.04587379512355273 0.027855153203342694
0 0.5121013455629255 0.6149025069637882 0.10110958925191213 0.12116991643454035
0 0.5378468428261439 0.5891364902506964 0.09830098955046986 0.11977715877437324
0 0.5963593366061857 0.5605849582172702 0.0617891934317241 0.10445682451253482
0 0.8313455116268332 0.5452646239554317 0.05991679363076272 0.07103064066852376
0 0.8402394106813997 0.6309192200557102 0.03463939631778473 0.10863509749303624
0 0.9446256995849942 0.532033426183844 0.10110958925191213 0.09192200557103071
0 0.9235612018241792 0.6169916434540389 0.04212899552162994 0.08077994428969354
0 0.953987698589801 0.5974930362116992 0.0786407916403762 0.09470752089136497
0 0.9602422646681898 0.4789324889111026 0.06868112618561424 0.03585940679156328
0 0.9755202963008562 0.7813370473537604 0.03932039582018802 0.05571030640668539
0 0.982073695604221 0.8440111420612815 0.026213597213458683 0.04735376044568241
0 0.9858184952061435 0.9011142061281338 0.018723998009613326 0.044568245125348085
0 0.991903794559268 0.9456824512534819 0.010298198905287421 0.033426183844011206
1 0.6618933296398325 0.7813370473537605 0.13106798606729356 0.06406685236768808
1 0.6586166299881501 0.7715877437325905 0.02714979711393937 0.10306406685236767
1 0.7377255215787665 0.684540389972145 0.06553399303364671 0.1518105849582173
