3 0.11962487893499002 0.1728505619751864 0.03547016759118888 0.03860846955543314
3 0.14883560518655733 0.1566527557823897 0.020864804465405253 0.03283938789772476
3 0.17735083795594453 0.10739367393580262 0.03686115455554921 0.02840163277641061
3 0.18778324018864712 0.08875510242628312 0.029210726251567322 0.0372771430190389
3 0.11701677837681437 0.15132744963681277 0.008693668527252197 0.013313265363942452
3 0.1928255679344534 0.0716697452092236 0.014257616384693533 0.013757040876073887
2 0.03460080073846368 0.17329433748731787 0.009389162009432357 0.02174500009443939
2 0.3037567783421912 0.19126724572864012 0.03581791433227899 0.04704020428593001
2 0.2769802792782545 0.17995097016928907 0.031644953439197925 0.036833367506907494
2 0.35000709490717286 0.1160472964223652 0.03581791433227899 0.05990969413774112
2 0.3261864431425019 0.06856331662430373 0.01530085660796388 0.030620510337067686
2 0.3413134263799206 0.08431734730496897 0.010780148973792621 0.024851428679359265
2 0.39191057720852834 0.06101913291806966 0.036165661073369076 0.03150806136133051
2 0.37000253251985277 0.08054525545185186 0.01043240223270258 0.04748397979806143
2 0.3098423463112677 0.21634056216406514 0.027819739287206994 0.037720918531170364
2 0.2522902606608583 0.1695222456342008 0.01703959031341423 0.021301224582307956
2 0.21803720666348472 0.07877015340332628 0.003477467410900843 0.009319285754759736
2 0.21473361262312893 0.09984949022956852 0.00382521415199097 0.011538163315416803
2 0.1776985846970346 0.04992474511478427 0.0055639478574414265 0.00576908165770841
2 0.1862183798537417 0.046596428773798645 0.00799817504507196 0.006212857169839818
2 0.1610067411247104 0.0654568880393838 0.004868454375261209 0.005769081657708393
2 0.17526435750940397 0.2238847458702992 0.006259441339621574 0.016419693948862425
2 0.1890003537824624 0.29732959312804846 0.02329903165303584 0.04349000018887878
2 0.1665706889821518 0.3057613278585454 0.028515232769387177 0.01952612253378234
2 0.1455320111462015 0.30775831766313677 0.030253966474837597 0.017307244973125187
0 0.23542454371798907 0.11116576578891964 0.018082830536684538 0.030620510337067655
0 0.2701992178269978 0.07810449013512917 0.014605363125783626 0.011538163315416811
0 0.30253966474837596 0.1333545413954904 0.024342271876306044 0.01198193882754822
0 0.27976225320697523 0.10561857188727693 0.00938916200943236 0.01065061229115397
0 0.283065847247331 0.08698000037775748 0.006954934821801757 0.006212857169839801
0 0.2954108565560291 0.09186153101120303 0.00938916200943229 0.00887551024262832
0 0.255072234589579 0.10961255149645968 0.005911694598531447 0.015975918436730973
1 0.07441780259327868 0.21079336826242248 0.00904141526834228 0.013313265363942435
1 0.09962944132231 0.22787872547948196 0.0059116945985314825 0.010206836779022588
1 0.07580878955763902 0.2238847458702992 0.0055639478574414005 0.007544183706234086
1 0.08345921786162094 0.2269911744552191 0.006259441339621574 0.008431734730496885
1 0.09389162009432356 0.2294319397719419 0.008345921786162088 0.006212857169839801
1 0.07128808192346789 0.2201126540171822 0.01043240223270261 0.011538163315416768
1 0.358700763434425 0.1832792865102747 0.006607188080711666 0.005325306145576966
1 0.36565569825622674 0.18039474568142047 0.0031297206698108226 0.005769081657708384
1 0.34983322153662777 0.19748010289847998 0.0020864804465405484 0.00976306126689117
2 0.334706238299209 0.2032491845561884 0.008693668527252143 0.020413673558045176
2 0.1498788454098276 0.3308346442939704 0.045902569823891536 0.030620510337067728
2 0.18760936681810209 0.31374928707691085 0.04625031656498159 0.053253061455769954
2 0.11684290500626932 0.314414950345108 0.034079180626828534 0.030620510337067655
2 0.00382521415199096 0.11183142905711677 0.006954934821801745 0.015975918436730973
2 0.007476554933436875 0.15643086802632403 0.011475642455972879 0.025295204191490707
2 0.6918963873941826 0.3476981137549642 0.03338368714464849 0.029732959312804893
2 0.7103269646719573 0.38142505267695176 0.029210726251567395 0.02884540828854199
2 0.7240629609450157 0.3612332668749724 0.019126070759954813 0.02130122458230794
2 0.7744862384030783 0.31951836873461925 0.019126070759954813 0.01863857150951947
2 0.6710315829287774 0.3492513280474242 0.024342271876306113 0.019526122533782272
2 0.5628823464497601 0.3585706138021838 0.006954934821801899 0.013313265363942506
2 0.5496679702883369 0.39318510374843435 0.016691843572324103 0.011538163315416768
2 0.5913975792191474 0.3505826545838184 0.006954934821801686 0.005325306145577073
3 0.5659523243628923 0.3084910552339854 0.002375157032238917 0.0035821458157405672
3 0.5661682477294597 0.3127620752450608 0.0032388504985074464 0.005510993562677875
2 0.5038937792027055 0.27505418054187236 0.02188022494938835 0.015035114351012381
2 0.4714942153353421 0.3274085965855762 0.028612601856892395 0.028459323592987716
2 0.4961094684034039 0.3695606136053786 0.02735028118673547 0.03221810218074083
2 0.4775954319077676 0.3980199371983664 0.019776357165793287 0.031144165441382723
2 0.4506659242777512 0.34593400533950214 0.018934810052355217 0.035439912398815
2 0.06294772408516325 0.2929718450702565 0.014811229196509004 0.012403969339585217
2 0.05762493859266783 0.35705901999144674 0.015274080108899897 0.02008261702599519
2 0.0705847641396132 0.34495038325518496 0.00323995638673634 0.014766630166172873
1 0.8549966631818193 0.24589229029944246 0.006792949112203104 0.01166952886897036
1 0.892227249662163 0.2480594885179655 0.011234492762489622 0.017337585748184593
1 0.8906596460208854 0.27923380135364345 0.007054216385749328 0.013003189311138393
1 0.8945786551240795 0.2747326973613264 0.008621820027026956 0.006668302210840196
1 0.8688438286797716 0.2819011222379795 0.0010450690941850383 0.0036675662159621324
