1 0.13792220900593846 0.11320139441287377 0.04243760277105796 0.06278396664915688
1 0.15217859118684074 0.07277232497970455 0.03249128962159124 0.061832694427199957
1 0.11968730156524948 0.1617162777326768 0.020555713842231215 0.036148344434363065
1 0.13394368374615176 0.13936138051668912 0.013261750865955636 0.04851488331980306
1 0.1614618167930097 0.11605521107874454 0.035143639794782404 0.026635622214793847
1 0.21285110139858773 0.08799268053101532 0.010609400692764517 0.01617162777326768
1 0.23009137752432995 0.08228504719927378 0.014587925952551189 0.027586894436750727
1 0.09979467526631605 0.1802660860608368 0.011272488236062283 0.01236653888543998
1 0.6186606778968298 0.6092898581634089 0.02519732664531574 0.031391983324578515
1 0.6203183967550742 0.625937122047655 0.028512764361804627 0.0418559777661045
1 0.753598992957928 0.24067187215510139 0.017903363669040006 0.019025444439138433
2 0.3583988171524507 0.13936138051668912 0.0629933166132892 0.06944287220285533
2 0.3003786571138948 0.33865291101666434 0.017240276125742325 0.14269083329353838
2 0.308667251405117 0.32533509990926746 0.029838939448400163 0.1236653888543999
2 0.33021759656229493 0.21546315827324286 0.011935575779360122 0.0713454166467692
2 0.6189922216684787 0.06135705831622145 0.0072939629762756655 0.012366538885439971
2 0.6269492721880521 0.0684915999808984 0.032491289621591264 0.04375852221001842
2 0.723760053509528 0.07182105275774764 0.047079215574142526 0.03329452776849228
2 0.7678553751388304 0.06944287220285533 0.021218801385528962 0.04756361109784612
2 0.8059829088784525 0.3990586971109289 0.04177451522776011 0.12842174996418465
1 0.4589482140744602 0.9153074693449321 0.007970999769169396 0.010720573500641421
1 0.4681646825575623 0.9217398134453169 0.009465562225888674 0.013579393100812638
1 0.4771320572978777 0.9249559854955095 0.007472812283596326 0.015723507800940693
1 0.48410668209590113 0.9317456820459157 0.006476437312450258 0.013579393100812638
1 0.4938213380645762 0.9367486163462146 0.01893112445177728 0.006432344100384881
1 0.7625934865312578 0.5643873634239337 0.0044836873701578385 0.005002934300299273
1 0.7650844239591231 0.5783241089747676 0.0034873123990115575 0.004288229400256469
1 0.775048173670585 0.600122608426072 0.0034873123990115575 0.007861753900470418
1 0.7855101108676198 0.6301402142278681 0.006476437312450116 0.01214998330072703
1 0.7934711949726805 0.6778760050049083 0.003985499884584536 0.05640641638850898
1 0.8178922974298705 0.711973925282765 0.0024909374278655606 0.00428822940025654
2 0.12042576753341784 0.680442694636596 0.018445702970703304 0.015494800397727913
2 0.1247527339906164 0.6701115795143113 0.004940702336262035 0.005906652066469178
