1 0.6428076763261977 0.18732590529247908 0.06482094215054104 0.020891364902506985
1 0.6576624755690301 0.2555710306406685 0.05941919697132917 0.09052924791086352
1 0.6941242555287093 0.3307799442896936 0.040513088844088115 0.032033426183844006
1 0.7015516551501255 0.38091922005571033 0.03106003478046759 0.034818941504178226
1 0.6975003462657167 0.44498607242339827 0.031060034780467448 0.04596100278551525
1 0.7434151802890164 0.4596100278551532 0.028359162190861584 0.052924791086350925
1 0.7076286184767386 0.4832869080779944 0.05401745179211744 0.022284122562674043
1 0.6556368211268255 0.09470752089136489 0.028359162190861723 0.052924791086350974
1 0.7231586358669725 0.9811977715877438 0.05266701549731451 0.03760445682451248
1 0.7461160528786224 0.9122562674094707 0.02565828960125586 0.019498607242339858
1 0.7272099447513812 0.963091922005571 0.020256544422043988 0.05710306406685234
1 0.775979288112409 0.9447430045436487 0.027008725896058596 0.026462395543175532
1 0.6596881300112344 0.9763231197771589 0.02025654442204413 0.04735376044568241
1 0.012829144800627895 0.915041782729805 0.020256544422044043 0.052924791086350925
1 0.06684659659274535 0.9185236768802229 0.017555671832438165 0.018105849582172765
1 0.03443612551747487 0.9422005571030642 0.02025654442204404 0.018105849582172765
1 0.061444851413533605 0.9442896935933147 0.014854799242832301 0.016713091922005673
1 0.058743978823927734 0.8530640668523677 0.012153926653226428 0.009749303621169929
1 0.006752181474014682 0.8342618384401115 0.013504362948029364 0.019498607242339858
1 0.04726527031810278 0.9798050139275765 0.016205235537635233 0.012534818941504256
3 0.2700872589605873 0.7889972144846797 0.11613752135305251 0.12674094707520894
3 0.1120862124686437 0.5320334261838439 0.1350436294802936 0.13927576601671304
3 0.13909493836470244 0.42966573816155995 0.15124886501792886 0.14902506963788298
3 0.35111343664876343 0.3412256267409471 0.05401745179211744 0.03342618384401114
3 0.424036996568122 0.38788300835654593 0.12424013912187007 0.03203342618384397
3 0.4908835931608674 0.35027855153203347 0.15800104649194352 0.14902506963788306
3 0.5016870835192909 0.2632311977715877 0.12559057541667315 0.08356545961002787
3 0.5719097708490435 0.10863509749303621 0.06347050585573796 0.05571030640668523
3 0.559755844195817 0.1915041782729805 0.020256544422044057 0.03760445682451255
3 0.5975680604502993 0.4171309192200557 0.044564397728496984 0.1545961002785515
3 0.5354479908893643 0.4616991643454039 0.12018883023746135 0.05431754874651815
3 0.4476696317271734 0.5717270194986073 0.03916265254928511 0.05988857938718659
3 0.4962853383400791 0.6873259052924792 0.036461779959679246 0.22144846796657397
3 0.6671155296326505 0.6706128133704735 0.18095846350359346 0.14066852367688015
3 0.573935425291248 0.7924791086350976 0.09453054063620563 0.0919220055710305
3 0.699526000707921 0.7033426183844012 0.03781221625448225 0.11699164345403901
3 0.594191969713292 0.7750696378830084 0.12964188430108187 0.0571030640668522
3 0.307224257067668 0.67966573816156 0.08777835916219086 0.1337047353760447
3 0.28021553117160924 0.9268802228412256 0.14719755613352006 0.1100278551532034
3 0.2788650948768064 0.8286908077994428 0.1661036642607612 0.1532033426183844
3 0.19581326274642563 0.5181058495821724 0.11883839394265834 0.05292479108635128
3 0.30587382077286507 0.5661559888579387 0.0742739962141615 0.1183844011142061
3 0.43078917804213673 0.7047353760445683 0.11343664876344668 0.09470752089136482
3 0.1654284461133597 0.6190807799442897 0.039162652549285165 0.018105849582172696
3 0.20391588051524337 0.34331476323119775 0.05401745179211744 0.04596100278551539
3 0.126941011711476 0.0745125348189415 0.0972314132258114 0.043175487465181066
3 0.126941011711476 0.11002785515320335 0.08102617768817617 0.050139275766016726
3 0.12018883023746132 0.15668523676880222 0.0675218147401468 0.059888579387186634
3 0.12221448467966574 0.1949860724233983 0.04456439772849691 0.022284122562674112
3 0.14922321057572446 0.18871866295264625 0.047265270318102764 0.034818941504178295
3 0.9128949352867849 0.3607242339832869 0.040513088844088115 0.03621169916434539
3 0.891287954569938 0.37883008356545955 0.048615706612905714 0.038997214484679646
3 0.8771083734745071 0.40807799442896936 0.04456439772849677 0.052924791086350925
3 0.9358523522984349 0.47701949860724224 0.10803490358423488 0.05153203342618376
3 0.9074931901075732 0.49512534818941506 0.035111343664876386 0.05710306406685234
3 0.987844149648348 0.42130919220055707 0.022957417011649852 0.09052924791086354
3 0.9270745163822158 0.3614206128133705 0.031060034780467448 0.03203342618384404
0 0.23227504270610502 0.09122562674094707 0.021606980716846955 0.026462395543175487
0 0.7231586358669725 0.18871866295264625 0.022957417011649852 0.034818941504178295
0 0.752868234352637 0.15668523676880222 0.020256544422043988 0.01532033426183844
0 0.7123551455085491 0.07938718662952646 0.02565828960125586 0.025069637883008353
2 0.9615106418996908 0.08774373259052924 0.056718324381723306 0.0584958217270195
2 0.1147870850582496 0.8377437325905294 0.04321396143369398 0.018105849582172623
2 0.7347496307255483 0.3571983907035938 0.018427724949004215 0.0598885793871867
2 0.8831853368011204 0.08077994428969358 0.013504362948029324 0.036211699164345405
2 0.8879118638329306 0.11768802228412255 0.009453054063620528 0.012534818941504166
2 0.9047923175179673 0.053621169916434536 0.02160698071684692 0.01532033426183844
2 0.5442258268055834 0.5571030640668524 0.01080349035842346 0.019498607242339858
2 0.031060034780467535 0.8168523676880224 0.01350436294802936 0.01532033426183844
