1 0.2255829002963926 0.3428811524585339 0.02578090289101631 0.01004130851299756
1 0.22590516158253032 0.35321779357485483 0.007089748295029495 0.009450643306350627
1 0.22783872929935656 0.34819713931835605 0.022558290029639244 0.00649731727311611
1 0.23198988895417988 0.3482943475395456 0.0178600674786874 0.014852127651416892
1 0.34493827865736015 0.28358150562980095 0.010253001700728024 0.015155232297363857
1 0.33964640681182323 0.3028286506474533 0.007607065777959434 0.014245918359522278
1 0.5481792317250158 0.09866056225584031 0.0264593592276848 0.01848938340278421
1 0.4984025621779333 0.12457600948433292 0.019513777430417604 0.015761441589258657
1 0.5207276465262924 0.10154005639233947 0.03638161893806689 0.028491836719044504
2 0.24425295987056725 0.11169406203157344 0.03274345704426025 0.03606945286772655
2 0.2616169143637356 0.08244446369766072 0.023151939324224387 0.04061602255693579
2 0.20406780804352068 0.13397225350869868 0.049611298551909364 0.06062092918945639
2 0.1738049159268559 0.13897348016682884 0.051926492484331836 0.048799847997512434
2 0.1977837102269454 0.1762553516183445 0.06350246214644403 0.030613569240675497
2 0.21018653486492284 0.13942813713574975 0.0922770153065515 0.03152288317851735
2 0.20770596993732734 0.14867282883714183 0.05887207428159911 0.05122468516509063
2 0.03307419903460627 0.14003434642764429 0.027120843208377134 0.02121732521630973
2 0.04547702367258362 0.11184561435454707 0.047957588600179075 0.05455883627051076
2 0.13593495803223174 0.08335377763550259 0.04894981457121727 0.027279418135255404
2 0.042004232773949955 0.07547305684087321 0.046303878648448774 0.04970916193535426
2 0.20456392102903975 0.2511221991673232 0.05787984831056096 0.055468150208352614
2 0.21928193959943953 0.2570327397632951 0.04762684660983307 0.018792488048731463
2 0.11542895463077589 0.3017406750405193 0.08533143350928415 0.04637501082993416
2 0.15511799347230337 0.27825006497960486 0.06680988204990465 0.04000981326504121
2 0.04994204054225546 0.3135617562324633 0.07937807768305503 0.05061847587319608
2 0.11079856676593099 0.34690326728666426 0.0807010456444393 0.052437103748879756
2 0.1346119900708475 0.3566026159569774 0.07210175389544168 0.03243219711635923
2 0.4041667122028885 0.1861062526116312 0.030428263111837738 0.0187924880487315
2 0.4307914424257466 0.20899065338065095 0.03671236092841298 0.04213154578667222
2 0.47759143405971444 0.22338812406314687 0.03836607088014325 0.051527789811037936
2 0.45361263975962485 0.2242974380009887 0.03142048908287599 0.05455883627051081
2 0.49594761452392094 0.23323902505643357 0.04597313665810276 0.05425573162456345
2 0.46551935141208317 0.26855071630929195 0.08301623957686174 0.06183334777324557
2 0.4147504558939626 0.28704009971207606 0.06350246214644407 0.036372557513673874
2 0.4253341995850366 0.3608460810002392 0.09723814516174244 0.04455638295425047
2 0.41888473077328847 0.3472063719326116 0.04531165267741045 0.033644615700148324
2 0.24904871873058518 0.38191185389357535 0.029105295150453542 0.02788562742714987
2 0.11542895463077585 0.4235887427113266 0.01984451942076376 0.03364461570014825
2 0.3171815687418741 0.5283113978861126 0.04828833059052513 0.03334151105420105
2 0.3464522348875006 0.5042145785333036 0.04663462063879486 0.015458336943311364
2 0.3709271421731093 0.49375746824812256 0.05324946044571611 0.0309166738866228
2 0.4899942586976918 0.4543538642749758 0.037373844909105 0.03031046459472819
2 0.5741680952407647 0.3910049932719939 0.05093426651329373 0.036978766805568455
2 0.5324946044571608 0.5490740661335014 0.05027278253260157 0.02455147632172981
2 0.35720134957374766 0.41570802191669726 0.02447490728560858 0.022732848446046106
2 0.3666274962986104 0.4220732194815903 0.03406642500564438 0.02637010419741358
2 0.40333985722702337 0.44995884690874016 0.024144165295262567 0.03303840640825371
2 0.3562091236027094 0.3999465803274387 0.02645935922768501 0.01909559269467877
2 0.5290218135585272 0.36690817391918484 0.03274345704426018 0.03303840640825378
2 0.5870670328642611 0.3726671621921833 0.06019504224298345 0.033644615700148324
2 0.5559772857717311 0.500122665813016 0.02116748738214834 0.0187924880487305
2 0.5534967208441358 0.4904233171427023 0.002976677913114614 0.014549023005469479
2 0.5500239299455023 0.523461723550956 0.03175123107322214 0.03879739468125194
2 0.576317918178014 0.5508926940091851 0.02612861723733893 0.04031291791098845
2 0.6346938794740942 0.5469523336118705 0.02050600340145593 0.028794941364991687
2 0.6358514764403054 0.5101251191292756 0.03671236092841305 0.036978766805568455
2 0.6672719655231814 0.49178728804946514 0.047957588600179124 0.05546815020835268
2 0.623283280807155 0.49860714258327904 0.024144165295262497 0.029098046010939172
2 0.6466005911265523 0.4490495329708984 0.025797875246992844 0.03425082499204293
2 0.7208521679592438 0.46465942223718343 0.02811306917941522 0.04304085972451411
2 0.7365624125006814 0.45874888164121147 0.020506003401455787 0.034250824992042864
2 0.803372294550586 0.42995394027621964 0.02778232718906949 0.031219778532569933
1 0.7348034664611137 0.5137072649450163 0.011425632393773099 0.008817589700284572
1 0.7663742928123289 0.5218359804499662 0.00420944351349533 0.0030310464594727193
1 0.7726884580825719 0.5152227881747529 0.00420944351349533 0.004133245172008415
1 0.7812576823779018 0.5175649604388909 0.00451011805017373 0.0033065961376068033
1 0.7875718476481447 0.519907132703029 0.003908768976817214 0.0030310464594728616
1 0.8283132473680461 0.47361478677653496 0.014432377760555398 0.015155232297364095
1 0.8298166200514372 0.45763290544476914 0.009020236100347176 0.01680853036616739
1 0.838235507078428 0.44289099766460593 0.007216188880277628 0.004408794850142356
1 0.7911799420882838 0.5830080089956904 0.007516863416955886 0.010746437447221667
1 0.7917812911616402 0.6000920890399918 0.02194924117751128 0.016257431009899646
1 0.7815583569145801 0.6057408574417366 0.011726306930451357 0.004959894206409956
1 0.794036350186727 0.591687823856908 0.020445868494120275 0.011573086481623494
1 0.680347828989748 0.7351467290116411 0.0057153011104128385 0.0040990861209999705
1 0.6886722893027405 0.742320129723391 0.006460775168292656 0.005237721154611137
1 0.8055874707135763 0.7712414595771138 0.0037273702893995163 0.0034159051008333563
1 0.8131664569686898 0.7849050799804473 0.010436636810317096 0.009336807275611099
1 0.7143911442995982 0.9399939337286938 0.031061419078330346 0.014346801423500182
1 0.7126517048312117 0.9577566402530273 0.03652822883611662 0.00888135326216684
1 0.6854419017185943 0.9617418628706662 0.03578275477823666 0.005465448161333483
1 0.6533865172297569 0.9117557848951379 0.005466809757786137 0.015257709450389002
1 0.7060666839866053 0.8934237608539988 0.006957757873546057 0.0077427182285556735
1 0.6335072090196257 0.8629083419532205 0.007454740578799317 0.004099086121000255
1 0.6400922298642316 0.8664381105574148 0.014164007099718674 0.006148629181500098
1 0.6203371673304134 0.9027605681296097 0.0009939654105065897 0.0009109080268889613
1 0.6168582883936405 0.9020773871094431 0.013418533041838715 0.009564534282333455
1 0.24548796189312172 0.530085321628688 0.020624782268011402 0.008881353262166769
1 0.2538124222061143 0.5241644194539102 0.016400429273358517 0.010703169315944621
1 0.245239470540495 0.5391944018975771 0.014660989804971934 0.010703169315944621
1 0.24784862974307487 0.5496698442067994 0.01093361951557231 0.012069531356277995
1 0.2500850519167146 0.5578680164487996 0.0119275849260789 0.0111586233293891
1 0.24834561244832837 0.5678880047445781 0.01292155033658505 0.012980439383166223
1 0.2432515397194819 0.5776802660336331 0.01317004168921212 0.01161407734283344
1 0.2369150102275025 0.58758639082605 0.013915515747092044 0.010475442309222203
1 0.2371635015801291 0.5925963849739389 0.0029818962315196983 0.013208166389889158
1 0.01515797251022526 0.5056046684060488 0.015406463862851903 0.005920902174777893
1 0.01242456763133218 0.5124364786077156 0.008448705989305881 0.005465448161333413
1 0.03541001774929671 0.5009362647682433 0.00472133569990623 0.002504997073944466
1 0.08560527097987873 0.7598618714114136 0.00720624922617267 0.004326813127722318
1 0.09069934370872491 0.7621391414786359 0.005466809757786155 0.006604083194944508
1 0.09877531266909081 0.7672629991298858 0.006709266520919375 0.00455454013444438
1 0.10212994592955052 0.7696541327004692 0.009939654105065756 0.007970445235277878
1 0.10709977298208338 0.8128084004743314 0.002484913526266439 0.01548543645711149
1 0.12225774549230865 0.8248779318306089 0.01689741197861178 0.003643632107555703
1 0.09492369670337786 0.8958148944245821 0.004472844347279583 0.012069531356277849
1 0.0962903991428244 0.9108448768682489 0.004224352994652935 0.00797044523527802
1 0.09542067940863114 0.904468520680027 0.001987930821013144 0.00842589924872243
2 0.6617314055204828 0.34704674684876813 0.06747065311189239 0.05612506109545848
2 0.44271128541880134 0.6362335023236726 0.15258747703766423 0.06563778331502754
2 0.4712565617353712 0.598658249556374 0.11833314545778052 0.06088142220524297
2 0.3010229138838275 0.5753520801184295 0.04152040191501065 0.027586894436750817
2 0.1562205122052277 0.5568022717902695 0.08200279378214613 0.028538166658707596
2 0.1432453866067868 0.45549178015185715 0.026988261244756923 0.04280724998806157
2 0.2387423110113108 0.42409979682727744 0.04567244210651149 0.03519707221240629
2 0.39548182824047673 0.810791955052768 0.0477484622022623 0.05517378887350148
2 0.353961426325466 0.8369519411565832 0.051900502393763336 0.03709961665631994
2 0.7670894253798224 0.3779630940623681 0.04567244210651168 0.039953433322190646
2 0.9025497366275446 0.31327658296929733 0.05916657272889026 0.032343255546535374
2 0.6728349990026047 0.22157508229931624 0.10500094440287043 0.0430488731324386
2 0.8013229967587487 0.22917194226386425 0.09118503066565069 0.08356545961002787
2 0.716355127274847 0.2817168903519878 0.09256662203937267 0.08736388959230176
2 0.793033448516417 0.2867814636616865 0.08013229967587492 0.08736388959230183
2 0.5636892804785681 0.25259559382122054 0.07184275143354299 0.03165358318561662
1 0.5494710882509467 0.839642977245455 0.0171985834979953 0.006971406856787752
1 0.5807262063386496 0.8416131574441126 0.017529325488341244 0.006668302210840125
1 0.41041153789491264 0.5344437097667368 0.03006745366782383 0.015981881331765778
1 0.4308574063890329 0.5360970078355402 0.02285126478754613 0.006062092918945652
1 0.3740299189568457 0.5748117376133521 0.009621585173703621 0.011848636159757432
1 0.3792917233487148 0.5512522401329042 0.0057128161968865495 0.018737378113104698
1 0.40139130179456545 0.537061431709009 0.039087689768171 0.011848636159757363
1 0.4150719932134253 0.5358214581574064 0.015334401370590172 0.02479947103205042
