2 0.02356331917626432 0.07651799267925936 0.03366188453752045 0.047790184901432144
2 0.07889504188481354 0.13961177611654327 0.15779008376962708 0.057992583925333324
2 0.04544354412565262 0.2837877833753584 0.08499625845723915 0.20458494884770398
2 0.13107096291797027 0.2829823308208399 0.07279382531238797 0.2147873478716053
2 0.17819760127049888 0.20028920189027186 0.01725171582547926 0.022552671526518537
2 0.17819760127049888 0.23277578825585216 0.013043980258289203 0.02201570315683952
2 0.17882876160557742 0.31815375903481524 0.012623206701570133 0.13263118731071624
2 0.20091937333332524 0.33157796827679065 0.014727074485165198 0.04886412164079026
2 0.34293044872598977 0.37023969089367953 0.026087960516578267 0.02953326033234582
2 0.42456051872947675 0.34097491474617336 0.01935558360907436 0.03329203892009886
1 0.25414722825827946 0.0451053430530371 0.00925701824781811 0.0053696836967901266
1 0.39152979452703485 0.04993805838014822 0.2579341902687505 0.011813304132938286
1 0.39805178465617935 0.08054525545185197 0.20365440145199865 0.03007022870202472
1 0.40962305746595207 0.14820327003140762 0.05680443015706586 0.06765801457955563
1 0.44139146099823706 0.10658822138128411 0.029454148970330395 0.04027262772592602
1 0.42624361295635277 0.08537797077896307 0.10351029495287534 0.06336226762212353
1 0.39026747385687777 0.21076008509901265 0.03239956386736345 0.02953326033234571
1 0.39447520942406783 0.17102442574276566 0.06437835417800791 0.05960348903437044
1 0.41130615169282797 0.1514250802494817 0.07447691953926401 0.03543991239881484
1 0.46516516695286086 0.13048331383200018 0.009677791804537109 0.015035114351012381
1 0.48515191089701354 0.10551428464192608 0.006732376907504119 0.012350272502617301
1 0.510819097856873 0.06900043550375319 0.016830942268760224 0.02201570315683955
1 0.3631275794485019 0.09289552795446926 0.03113724319720639 0.0279223552233087
1 0.3368292321535641 0.10605125301160509 0.028191828300173395 0.03275507055041981
1 0.39510636975914637 0.14471297562849406 0.11949969010819757 0.030607197071703764
1 0.35050437274693175 0.1755886568850373 0.012623206701570099 0.017182987829728446
1 0.369018409242568 0.21076008509901265 0.009257018247818181 0.010202399023901201
1 0.28233905655845276 0.0698058880582717 0.019355583609074252 0.016109051090370398
1 0.3162113278743328 0.10900457904483966 0.020617904279231353 0.018256924569086442
1 0.34314083550434915 0.14014874448622242 0.03324111098080138 0.02040479804780249
1 0.33493575114832863 0.26848418483950665 0.013464753815008166 0.0075175571755061905
1 0.3037985079511222 0.26660479554563 0.01514784804188423 0.011276335763259268
1 0.20807252379754831 0.28244536245116086 0.011360886031413102 0.0021478734787161004
1 0.2002882129982467 0.1933086130844447 0.003366188453752024 0.027922355223308663
1 0.3932128887539108 0.28163990989664234 0.023142545619545415 0.00912846228454324
2 0.39342327553227036 0.36460152301204984 0.024404866289702412 0.030070228702024762
2 0.14916422585688752 0.4225941069373833 0.028191828300173395 0.024700545005234605
2 0.050492826806280686 0.39225539405051907 0.04628509123909063 0.032755070550419915
2 0.04796818546596665 0.43574983199451917 0.04460199701221461 0.033829007289777877
2 0.11883016603532293 0.5185433055950202 0.026508734073297357 0.03490294402913596
2 0.4129892459197041 0.5136102455979761 0.029874922527049392 0.04886412164079019
2 0.3195775163280848 0.5439489584848402 0.007994697577661043 0.015035114351012452
2 0.2703470101919611 0.4564231142271612 0.013885527371727093 0.011813304132938214
2 0.2934895558115065 0.452127367269729 0.009677791804537109 0.011813304132938357
2 0.40015565243977447 0.5458283477787168 0.01767248938219815 0.013424209241975333
2 0.07279382531238798 0.5536143891390626 0.012623206701570178 0.016109051090370415
1 0.12009063197819916 0.6032668067848168 0.015568621598603205 0.05764671831073681
1 0.09828011661972352 0.6391859078204631 0.0489065963428819 0.06261934845600349
1 0.11197346007698476 0.6543885694460859 0.03450343165095846 0.023089639896197958
1 0.030716469640487416 0.7004752382462727 0.06059139216753682 0.0703428564279507
1 0.07005879719371444 0.7074558270520999 0.005470056237347079 0.05423380533758021
1 0.010098565361256135 0.7952501554946189 0.015989395155322213 0.060140457404049524
1 0.04923050613612367 0.754172075214174 0.042918902785338595 0.02631145011427165
1 0.09446366348341678 0.7120200581943714 0.022300998506107277 0.02470054500523446
1 0.1253905199022637 0.7270551725453839 0.029454148970330413 0.024700545005234605
1 0.10729725696334647 0.7305454669482976 0.021880224949388297 0.011276335763259341
1 0.15168886719720157 0.7305454669482976 0.010519338917975159 0.013424209241975262
1 0.18934810052355255 0.6859770922649393 0.01514784804188423 0.02308963989619741
1 0.19355583609074267 0.7138994474882481 0.01094011247469414 0.020941766417481487
1 0.20049859977660617 0.693763133625285 0.007994697577661114 0.026848418483950667
1 0.3545017215357623 0.6258366348608901 0.028191828300173395 0.02094176641748163
1 0.3305176288027789 0.6419456859512603 0.012202433144851099 0.019867829678123384
1 0.3204190634415228 0.6768486299803962 0.015568621598603158 0.02201570315683952
1 0.3216813841116799 0.71282551074889 0.018934810052355217 0.029533260332345747
1 0.3195775163280849 0.7458490654841492 0.03324111098080142 0.016109051090370342
1 0.32673066679230783 0.7662538635319517 0.013885527371727236 0.015035114351012452
1 0.36018216455146884 0.6513426324206429 0.013464753815008166 0.01933086130844444
1 0.35366017442232434 0.6827552820468652 0.008836244691099181 0.02094176641748163
1 0.34335122228270865 0.6916152601465688 0.02103867783595028 0.021478734787160506
1 0.34166812805583263 0.7157788367821246 0.013464753815008166 0.016109051090370485
1 0.3389330999371591 0.7399424134176802 0.007994697577661185 0.02147873478716065
1 0.1527408010889991 0.6451674961693342 0.025246413403140357 0.0080545255451851
1 0.17588334670854436 0.6553698951932355 0.008415471134380148 0.005906652066469178
1 0.18934810052355255 0.6553698951932355 0.008415471134380112 0.011276335763259341
1 0.20155053366840373 0.6602026105203467 0.0050492826806280535 0.00698058880582721
1 0.21080755191622186 0.6674516835110134 0.004207735567190056 0.0064436204361481945
1 0.27665861354274623 0.5847585545804455 0.004628509123909055 0.00859149391486426
1 0.2562510960418745 0.5788519025139762 0.006732376907504083 0.007517557175506156
1 0.2669808217382091 0.5791203866988157 0.007153150464223117 0.0069805888058270685
1 0.25183297369632485 0.5954979219740256 0.002945414897033025 0.010739367393580324
1 0.2530952943664819 0.6156342358369886 0.004628509123909091 0.01557208272069147
1 0.2720301044188372 0.6030154791495318 0.005470056237347087 0.008591493914864188
1 0.2636146332844571 0.618050593500544 0.006311603350785084 0.010739367393580253
1 0.258565350603829 0.634965097145433 0.00799469757766115 0.012350272502617372
1 0.24951871913437038 0.6628874523687418 0.010098565361256142 0.011276335763259197
1 0.26151076550086205 0.6897358708526923 0.009677791804537109 0.016646019460049358
1 0.07721194765793754 0.7442381603751121 0.007994697577661114 0.015035114351012312
0 0.185771525291441 0.8684427494286419 0.005470056237347087 0.01933086130844444
0 0.2103867783595028 0.7642708857109133 0.028612601856892395 0.011813304132938214
0 0.20723097668411034 0.7908508200100244 0.009677791804537109 0.03060719707170378
0 0.21585683459684993 0.9191862603633087 0.014306300928446234 0.07249072990666662
0 0.2789728681047008 0.9199917129178271 0.01009856536125607 0.024700545005234602
0 0.2939103293682255 0.9597273722740741 0.014727074485165127 0.018256924569086407
0 0.2918064615846304 0.8426682676840492 0.01725171582547919 0.01825692456908655
0 0.22951284911945763 0.8528218514016159 0.016830942268760224 0.03465886749746375
0 0.266999947808969 0.8869925658357348 0.04896274114548426 0.10397660249239081
0 0.31883159956844653 0.8984641628243323 0.015683378023163 0.02538395929391697
0 0.31022486772646685 0.9531373059189227 0.01530085660796381 0.026360265420606054
2 0.10729725696334644 0.6717170649007852 0.01568337802316293 0.016109051090370342
2 0.1334999739044845 0.680991973104332 0.02601145623353851 0.029777336864018053
2 0.15836386589242576 0.6875820394594834 0.016065899438362053 0.03807593894087546
2 0.045902569823891536 0.48719520695654267 0.024481370572742148 0.020014275597126742
2 0.026011456233538528 0.5350342071643093 0.024481370572742148 0.016109051090370415
2 0.046093830531491076 0.5782357532703024 0.03098423463112678 0.025383959293917045
2 0.08530227558939842 0.49671419169176145 0.028306584724733116 0.03319440830742998
2 0.16716185844200496 0.4940293498433664 0.03748709868951138 0.04539823489104386
2 0.33814893103600085 0.5028161049835684 0.07573924020942101 0.04442192876435477
2 0.34522557721718417 0.5596859368632093 0.037869620104710434 0.04393377570101009
2 0.2916725790893107 0.5404038908610993 0.027924063309534012 0.044421928764354704
2 0.39667470756146256 0.5843376665621095 0.012240685286371117 0.03856409200422007
2 0.42211238167220244 0.6380345035300108 0.025628934818339458 0.040516704257598235
1 0.5357212419863341 0.9001726985460382 0.022568763496746625 0.021966887850505115
1 0.5542735306234902 0.8625849126685071 0.021421199251149402 0.013180132710302956
1 0.5435629309979154 0.8823551117339619 0.019891113590352987 0.014644591900336791
1 0.5294096386355488 0.9221395863965433 0.013770770947167393 0.011227520456924793
1 0.563645305295868 0.8494047799582042 0.012623206701570168 0.022943193977194198
1 0.5756947298746395 0.8342720349945227 0.01071059962557463 0.01415643883699218
1 0.6084003108741622 0.7603168458978224 0.02409884915754297 0.02147873478716065
1 0.6256137745581215 0.7173593763235013 0.022568763496746625 0.022455040913849728
1 0.6149031749325468 0.7478689427825362 0.01797850651435752 0.026848418483950524
1 0.6007498825701804 0.7871652643817731 0.00803294971918099 0.015620898027025732
1 0.5946552048634391 0.813208607345198 0.009945556795176468 0.010251214330235741
1 0.6374719384292935 0.7010062487014588 0.010328078210375579 0.021966887850505115
1 0.6478000166396691 0.6792834373826259 0.011093121040773752 0.021478734787160506
1 0.6738114728732078 0.7061318558665767 0.01721346368395942 0.036123326687497154
1 0.6657785231540265 0.7576320040494275 0.021803720666348596 0.06101913291806951
1 0.6386195026748909 0.8162103716507741 0.031749277461525054 0.0610191329180698
1 0.6508601879612619 0.7800870449632771 0.010328078210375508 0.07664003094509539
1 0.6426359775344814 0.7832600398750168 0.016830942268760297 0.02831287767398422
1 0.6200672140377346 0.8418384074763634 0.029071627555131416 0.03221810218074083
1 0.6053401395525695 0.8596559942884398 0.027924063309533977 0.02001427559712667
1 0.5873616330382119 0.8789380402905499 0.014918335192764759 0.010739367393580466
1 0.5383988918927277 0.960459601869091 0.00803294971918099 0.014644591900336791
1 0.5449017559511123 0.9492320814121658 0.009563035379977262 0.013668285773647567
1 0.5504483164714992 0.9350756425751741 0.006120342643185453 0.012691979646958345
1 0.5728258192606464 0.8933385556592143 0.008797992549579305 0.009274908203546489
1 0.5653666516642639 0.9048101526478114 0.0030601713215927615 0.005857836760134774
0 0.7046044467967348 0.7861889582550842 0.024481370572741953 0.04393377570101009
0 0.7296595994922757 0.7881415705084623 0.02868910613993222 0.03807593894087532
0 0.759113748462606 0.8564829993767001 0.030219191800728566 0.0195261225337822
0 0.8308365138124367 0.7761818204565205 0.04666761265428988 0.06199543904475874
0 0.7793873834681583 0.8284141982343882 0.04705013406948879 0.041493010384287314
0 0.7960270650293189 0.7549471622010323 0.0780343687006156 0.013668285773647426
0 0.7415177633634477 0.7903382592935128 0.01950859217515386 0.06101913291807024
1 0.751959607462924 0.5473537604456824 0.03710686016507893 0.030640668523676952
1 0.8032543847499448 0.4818941504178273 0.03055859072418258 0.044568245125348224
1 0.8376327993146505 0.536908077994429 0.02073618656283827 0.026462395543175532
1 0.7716044157856129 0.5988857938718662 0.03928961664537766 0.038997214484679646
1 0.819079369232111 0.6162952646239555 0.02073618656283827 0.043175487465181066
2 0.6002580320821599 0.46100278551532026 0.04583788608627401 0.052924791086350995
2 0.4851176277464001 0.6044568245125348 0.03601548192492956 0.044568245125348155
2 0.6346364466468654 0.5355153203342619 0.06657407264911228 0.04038997214484681
2 0.5817046019996205 0.6831476323119776 0.03492410368478019 0.048746518105849505
2 0.540232228873944 0.722841225626741 0.039289616645377806 0.03621169916434539
2 0.6237226642453716 0.5891364902506964 0.027284456003734546 0.04735376044568241
1 0.7344975556205339 0.5947075208913648 0.02182756480298764 0.022284122562674112
1 0.7650561463447165 0.6344011142061281 0.034924103684780335 0.018105849582172696
1 0.8283560842733807 0.6525069637883009 0.03710686016507907 0.018105849582172765
1 0.854549162036966 0.5793871866295265 0.017462051842390025 0.03064066852367681
0 0.9582300948511571 0.05988857938718662 0.06984820736956053 0.03342618384401114
0 0.9724180119730991 0.12534818941504178 0.04147237312567654 0.07520891364902507
0 0.9598671622113812 0.18384401114206128 0.03601548192492956 0.02506963788300837
0 0.905298250203912 0.3537604456824512 0.0381982384052283 0.022284122562674112
0 0.8643715661983102 0.4268802228412257 0.05020339904687163 0.05431754874651815
0 0.9527732036504102 0.37813370473537616 0.034924103684780335 0.0933147632311978
0 0.9418594212489164 0.4742339832869081 0.06329993792866417 0.06824512534818936
0 0.9058439393239869 0.7256267409470751 0.017462051842390025 0.058495821727019434
0 0.8747396594797294 0.7674094707520891 0.029467212484033355 0.02506963788300837
0 0.5898899388007408 0.22214484679665739 0.04692926432642345 0.032033426183844006
0 0.5675166848776785 0.13091922005571033 0.037106860165079 0.030640668523676896
0 0.541869296234168 0.17061281337047354 0.027284456003734546 0.018105849582172696
0 0.6460959181684339 0.10933147632311976 0.04365512960597528 0.029247910863509752
0 0.6455502290483593 0.06685236768802229 0.07312234209000863 0.04456824512534819
0 0.4534676587820681 0.2583565459610028 0.03601548192492956 0.04038997214484681
0 0.5582399698364087 0.2896935933147632 0.018553430082539464 0.019498607242339823
0 0.626451109845745 0.27785515320334264 0.03492410368478019 0.03760445682451259
0 0.6220855968851475 0.14554317548746518 0.034924103684780265 0.026462395543175463
1 0.5522373895155872 0.5201949860724234 0.028375834243883843 0.012534818941504185
2 0.6990277628156789 0.19498607242339833 0.03164996896433195 0.027855153203342625
2 0.6804743327331395 0.23955431754874656 0.007639647681045858 0.03342618384401114
2 0.6799286436130649 0.28064066852367686 0.006548269440896348 0.026462395543175463
2 0.6335450684067161 0.48467966573816157 0.014187917121942064 0.047353760445682486
2 0.18226016610494675 0.11420612813370473 0.013096538881792553 0.019498607242339823
