0 0.7738746398630938 0.2164179104477612 0.07709096029287509 0.029850746268656712
0 0.7847464419556789 0.2966417910447761 0.07116088642419256 0.029850746268656678
0 0.7116088642419254 0.3236940298507463 0.043487208370339946 0.027985074626865655
0 0.7985832809826051 0.3451492537313433 0.055347356107705255 0.03731343283582092
0 0.8094550830751901 0.25093283582089554 0.029650369343413557 0.013059701492537315
0 0.8598607109589932 0.20242537313432835 0.01976691289560904 0.02052238805970152
0 0.9023595736845526 0.21455223880597019 0.017790221606047964 0.014925373134328375
0 0.9152080670666984 0.2546641791044776 0.03162706063297449 0.03917910447761191
0 0.9557302385026969 0.26026119402985076 0.013836839026926243 0.042910447761194064
0 0.8292219959707992 0.31156716417910446 0.06523081255550978 0.0671641791044776
0 0.9211381409353812 0.3236940298507463 0.08697441674067974 0.07276119402985078
0 0.8736975499859194 0.3796641791044776 0.11860147737365423 0.016791044776119434
0 0.9082896475532354 0.5251865671641791 0.1284849338214589 0.11753731343283583
0 0.8470122175768473 0.5401119402985075 0.0731375777137535 0.06529850746268664
0 0.8766625869202608 0.5783582089552239 0.05732404739726618 0.07462686567164177
0 0.9695670775296233 0.4151119402985074 0.029650369343413557 0.031716417910447776
0 0.9636370036609406 0.36007462686567165 0.03755713450165729 0.08208955223880597
0 0.9596836210818188 0.43003731343283585 0.033603751922535424 0.042910447761194064
0 0.8480005632216278 0.41697761194029853 0.023720295474730903 0.042910447761194064
0 0.7392825422957776 0.24906716417910427 0.023720295474731166 0.024253731343284225
0 1.160420683231159 0.2770522388059702 0.10694712215410604 0.11007462686567165
0 0.4338837380586183 0.7406716417910448 0.033603751922535355 0.018656716417910387
0 0.4862660572319824 0.7248134328358208 0.03953382579121815 0.024253731343283534
0 0.5366716851157853 0.6977611940298507 0.037557134501657076 0.03358208955223887
0 0.5831239304204666 0.6651119402985074 0.03162706063297449 0.020522388059701482
0 0.6384712865281719 0.667910447761194 0.03558044321209621 0.02611940298507463
0 0.6918419513463163 0.6716417910447763 0.03953382579121808 0.03731343283582092
0 0.45958072482291024 0.7761194029850748 0.037557134501657145 0.02238805970149258
0 0.4862660572319824 0.8208955223880596 0.023720295474730903 0.03731343283582092
0 0.6038791889608561 0.7024253731343283 0.07709096029287522 0.061567164179104454
0 0.5317299568918831 0.7509328358208955 0.13836839026926329 0.0839552238805969
0 0.6691100015163659 0.6902985074626866 0.05337066481814432 0.041044776119402826
0 0.6246344475012455 0.6996268656716418 0.142321772848385 0.07835820895522388
0 0.636494595238611 0.7593283582089552 0.05534735610770518 0.014925373134328339
0 0.7155622468210473 0.7126865671641792 0.015813530316487315 0.02238805970149244
0 0.07665162903987653 0.5554035526149823 0.09001284517097713 0.1865912211236048
0 0.021743604185169945 0.4860074626865672 0.03953382579121808 0.061567164179104454
0 0.03063871498819401 0.7154850746268656 0.05732404739726621 0.13619402985074644
0 0.014825184671706779 0.832089552238806 0.021743604185169945 0.0746268656716417
0 0.02569698676429176 0.7873134328358208 0.043487208370339904 0.0634328358208954
0 0.04151051708077898 0.6707089552238805 0.08302103416155796 0.06902985074626869
0 0.21348265927257765 0.9673507462686566 0.05139397352858348 0.06529850746268671
0 0.26586497844594154 0.9608208955223876 0.02174360418516993 0.07835820895522487
0 0.21743604185169943 0.9748134328358209 0.16999545090223778 0.042910447761194064
0 0.31429391504018367 0.8199626865671641 0.03953382579121808 0.031716417910447776
0 0.3152822606849641 0.8526119402985077 0.021743604185169973 0.014925373134328339
0 0.6425766849432748 0.8662839257561145 0.06454998180356783 0.055970149253731734
0 0.685199265701884 0.9251830981808841 0.08104434287199691 0.10074626865671636
0 0.8015483179169465 0.7658582089552239 0.07709096029287522 0.031716417910447776
0 0.773874639863094 0.8796641791044776 0.08104434287199709 0.08022388059701484
0 0.7975949353378248 0.8236940298507462 0.0494172822390226 0.050373134328358306
0 0.8717208586963585 0.7994402985074628 0.04744059094946167 0.031716417910447776
0 0.7689329116391916 0.9766791044776119 0.07906765158243616 0.042910447761194064
0 0.85294229144553 0.9542910447761195 0.05337066481814446 0.027985074626865582
0 0.7046904447284623 0.9738805970149254 0.013836839026926243 0.007462686567164098
0 0.8341637241947013 0.9095149253731344 0.01976691289560904 0.042910447761193925
0 0.7886998245348008 0.9580223880597015 0.08697441674067974 0.05037313432835816
0 0.3518510495418408 0.8479477611940298 0.01976691289560904 0.031716417910447776
0 0.4190585533869116 0.9757462686567163 0.11464809479453236 0.044776119402985017
0 0.4506856140198861 0.9365671641791046 0.027673678053852627 0.029850746268656823
0 0.3558044321209627 0.9636194029850748 0.03953382579121808 0.024253731343283534
0 0.40818675129432663 0.9729477611940298 0.06523081255550985 0.05410447761194035
0 0.7541077269674846 0.9430970149253732 0.1166247860840933 0.06902985074626869
0 0.5198698091545177 0.7938432835820893 0.015813530316487176 0.03544776119402975
0 0.542601758984468 0.7789179104477613 0.04546389965990073 0.046641791044776185
1 0.3370258648701342 0.22667910447761191 0.06523081255550985 0.1026119402985075
1 0.4447555401512034 0.292910447761194 0.043487208370339946 0.06343283582089551
1 0.5337066481814441 0.17817164179104478 0.0434872083703398 0.031716417910447776
1 0.5930073868682711 0.15205223880597013 0.047440590949461736 0.024253731343283604
1 0.6503314342655373 0.15298507462686567 0.03558044321209621 0.026119402985074664
1 0.6552731624894396 0.19962686567164176 0.02174360418516983 0.029850746268656712
1 0.649343088620757 0.24720149253731344 0.025696986764291763 0.02425373134328357
1 0.6355062495938306 0.28451492537313433 0.025696986764291836 0.02052238805970152
1 0.6098092628295388 0.3180970149253731 0.02965036934341363 0.016791044776119434
1 0.49911455061412824 0.2042910447761194 0.029650369343413557 0.020522388059701482
1 0.4368487749929597 0.1958955223880597 0.027673678053852627 0.01865671641791046
1 0.505044624482811 0.24067164179104478 0.033603751922535424 0.022388059701492508
1 0.5594036349457358 0.27611940298507465 0.03558044321209636 0.022388059701492543
1 0.5979491150921734 0.28917910447761197 0.025696986764291763 0.02985074626865675
1 0.5534735610770531 0.22667910447761194 0.06325412126594884 0.0354477611940299
1 0.5999258063817343 0.1986940298507463 0.06523081255550985 0.04291044776119403
1 0.5801588934861253 0.22294776119402987 0.0731375777137535 0.08022388059701491
1 0.6414363234625133 0.22761194029850745 0.03360375192253528 0.0671641791044776
1 0.46946418127071465 0.3031716417910448 0.021743604185169973 0.061567164179104454
1 0.5287649199575416 0.43656716417910446 0.053370664818144585 0.08208955223880601
1 0.5752171652622229 0.40671641791044777 0.02372029547473076 0.08582089552238806
1 0.6028908433160757 0.416044776119403 0.015813530316487245 0.09701492537313434
1 0.49516116803500637 0.3106343283582089 0.025696986764291763 0.035447761194029856
1 0.28069016311764833 0.16417910447761191 0.023720295474730868 0.01119402985074629
1 0.6236461018564653 0.5083955223880597 0.04941728223902267 0.03917910447761194
1 0.6513197799103178 0.44123134328358204 0.02569698676429162 0.042910447761193994
1 0.6878885687671945 0.48507462686567165 0.03162706063297449 0.03358208955223887
1 0.7175389381106081 0.5401119402985074 0.047440590949461806 0.027985074626865655
1 0.6957953339254382 0.5876865671641791 0.03558044321209636 0.03358208955223873
1 0.6404479778177329 0.6035447761194029 0.0474405909494616 0.031716417910447776
1 0.5821355847756862 0.6007462686567164 0.0454638996599008 0.0335820895522388
1 0.494172822390226 0.6035447761194029 0.03953382579121808 0.027985074626865655
1 0.47835929207373873 0.6473880597014926 0.043487208370339946 0.026119402985074557
1 0.535683339471005 0.5998134328358209 0.019766912895608967 0.03544776119402982
1 0.4269653185451552 0.6119402985074627 0.04744059094946167 0.02611940298507463
1 0.3745829993717913 0.6455223880597015 0.05732404739726618 0.03358208955223887
1 0.3103405324610619 0.6539179104477612 0.09883456447804516 0.0578358208955224
1 0.28859692827589195 0.6408582089552239 0.11860147737365423 0.05410447761194028
1 0.16505372267833546 0.6399253731343283 0.0494172822390226 0.03358208955223887
1 0.2579582132876979 0.5867537313432836 0.05732404739726618 0.031716417910447776
1 0.1937157463769686 0.5261194029850746 0.06325412126594894 0.041044776119402965
1 0.29057361956545286 0.46082089552238803 0.14627515542750685 0.06343283582089555
1 0.29452700214457467 0.5690298507462687 0.09092779931980158 0.14552238805970155
1 0.4012683317808635 0.6082089552238805 0.07906765158243616 0.04850746268656714
1 0.4714408725602756 0.5569029850746269 0.0770909602928753 0.09141791044776128
1 0.5959724238026125 0.5494402985074627 0.11662478608409345 0.09141791044776128
1 0.6335295583042696 0.5261194029850746 0.12848493382145876 0.13805970149253732
1 0.2797018174728679 0.21268656716417908 0.029650369343413523 0.029850746268656712
1 0.2628999415116002 0.31529850746268656 0.027673678053852627 0.037313432835820885
1 0.2984803847236965 0.30223880597014924 0.027673678053852697 0.018656716417910425
1 0.34987435825227997 0.3031716417910448 0.027673678053852627 0.016791044776119365
1 0.39237322097783944 0.22294776119402987 0.017790221606048037 0.024253731343283604
1 0.3983032948465221 0.2658582089552239 0.025696986764291763 0.02425373134328357
1 0.3943499122674004 0.30410447761194026 0.0217436041851699 0.014925373134328339
1 0.42498862725559433 0.36753731343283574 0.01976691289560904 0.03731343283582085
1 0.35185104954184093 0.4020522388059702 0.055347356107705255 0.03917910447761194
1 0.28365520005198974 0.4104477611940298 0.04151051708077898 0.029850746268656678
1 0.22534280700994302 0.4039179104477612 0.031627060632974456 0.020522388059701482
1 0.4289420098347161 0.41977611940298504 0.04348720837033987 0.026119402985074557
1 0.47045252691549505 0.39458955223880593 0.027673678053852697 0.027985074626865655
1 0.4753942551393973 0.43843283582089554 0.033603751922535355 0.02611940298507463
1 0.4664991443363733 0.4729477611940298 0.03162706063297449 0.024253731343283604
1 0.3903965296882786 0.4888059701492537 0.037557134501657145 0.022388059701492508
1 0.4240002816108139 0.49067164179104483 0.021743604185169973 0.01492537313432841
1 0.39632660355696125 0.5139925373134329 0.025696986764291694 0.013059701492537386
1 0.277725126183307 0.38339552238805974 0.029650369343413523 0.020522388059701482
1 0.3478976669627191 0.6986940298507462 0.027673678053852697 0.013059701492537244
1 0.37952472759569356 0.6809701492537313 0.027673678053852627 0.014925373134328481
1 0.43190704676905756 0.6501865671641792 0.025696986764291763 0.016791044776119434
1 0.49516116803500637 0.6194029850746269 0.037557134501657215 0.02985074626865682
1 0.12057816866321514 0.11007462686567163 0.10674132963628882 0.13059701492537312
1 0.2292961895890648 0.05690298507462686 0.05139397352858349 0.03171641791044776
1 0.19865747460087085 0.09235074626865672 0.029650369343413557 0.020522388059701503
1 0.18976236379784678 0.14085820895522388 0.015813530316487245 0.027985074626865673
1 0.20854093104867538 0.15578358208955223 0.021743604185169973 0.0167910447761194
1 0.21842438749647988 0.17723880597014927 0.021743604185169935 0.01119402985074629
1 0.20656423975911448 0.19216417910447758 0.029650369343413557 0.014925373134328339
1 0.19865747460087085 0.21548507462686564 0.0454638996599008 0.02798507462686569
1 0.1838322899291641 0.2565298507462686 0.04348720837033987 0.04664179104477608
1 0.1620886857439941 0.291044776119403 0.07116088642419253 0.037313432835820885
1 0.1403450815588242 0.3376865671641791 0.059300738686827115 0.037313432835820885
1 0.14331011849316552 0.3787313432835821 0.0494172822390226 0.029850746268656678
1 0.12947327946623918 0.42537313432835816 0.025696986764291746 0.04104477611940304
1 0.0741259233585339 0.4216417910447761 0.017790221606048116 0.02611940298507463
1 0.03558044321209627 0.41884328358208955 0.023720295474730847 0.020522388059701482
1 0.014825184671706779 0.4085820895522388 0.017790221606048134 0.014925373134328339
1 0.035580443212096274 0.3451492537313433 0.06325412126594893 0.17537313432835824
1 0.08993945367502112 0.3125 0.05732404739726621 0.12873134328358207
1 0.11761313172887379 0.20895522388059695 0.08499772545111889 0.041044776119403006
1 0.03459209756731582 0.09514925373134328 0.03755713450165718 0.09328358208955223
1 0.2075525854038949 0.47388059701492546 0.023720295474730868 0.03731343283582085
1 0.9359633256070878 0.648320895522388 0.021743604185169973 0.009328358208955122
1 0.9389283625414293 0.628731343283582 0.011860147737365451 0.007462686567164169
1 0.9577069297922578 0.6520522388059701 0.00988345644780452 0.009328358208955336
1 0.9122430301323571 0.6529850746268656 0.013836839026926385 0.011194029850746433
1 0.944858436410112 0.7406716417910448 0.015813530316487176 0.0074626865671642405
1 0.9725321144639648 0.7509328358208955 0.015813530316487315 0.013059701492537386
1 0.9725321144639648 0.7779850746268656 0.015813530316487315 0.0074626865671642405
1 0.9804388796222083 0.7947761194029852 0.015813530316487176 0.011194029850746148
1 0.9921961311006651 0.7229477611940298 0.015607737798669917 0.013059701492537386
1 0.00988345644780452 0.9085820895522388 0.01581353031648723 0.022388059701492723
1 0.012848493382145873 0.9356343283582089 0.02174360418516994 0.009328358208955336
1 0.2915619652102333 0.9123134328358209 0.013836839026926348 0.007462686567164098
1 0.2965036934341356 0.9309701492537313 0.015813530316487245 0.007462686567164098
1 0.31627060632974463 0.9720149253731344 0.01581353031648728 0.011194029850746433
1 0.20952927669345583 0.8675373134328359 0.031627060632974456 0.029850746268656823
1 0.4684758356259342 0.045708955223880604 0.01976691289560911 0.013059701492537315
1 0.5257998830232005 0.05223880597014926 0.03953382579121801 0.02611940298507462
1 0.6730633840954877 0.08675373134328358 0.041510517080778866 0.02798507462686568
1 0.6710866928059269 0.05690298507462686 0.03360375192253528 0.0167910447761194
1 0.6888769144119748 0.08675373134328358 0.017790221606048106 0.013059701492537315
3 0.730596697243688 0.4489793894877938 0.027673678053852714 0.05712979752636436
3 0.7382941966509975 0.42350746268656764 0.005930073868682039 0.018656716417910408
3 1.1129800922816973 0.4430970149253731 0.07532006152113155 0.024253731343283604
2 0.14429846413794598 0.8666044776119404 0.019766912895609057 0.013059701492537244
2 0.46353410740203205 0.12126865671641791 0.041510517080778936 0.026119402985074647
2 0.30737549552672055 0.09328358208955223 0.0454638996599008 0.029850746268656695
2 0.34789766696271907 0.12966417910447758 0.03162706063297449 0.020522388059701482
2 0.42498862725559433 0.09888059701492537 0.03558044321209636 0.022388059701492526
2 0.5238231917336396 0.11380597014925374 0.03558044321209614 0.022388059701492526
2 0.8262569590364578 0.055970149253731345 0.03953382579121808 0.022388059701492543
2 0.9704525269154951 0.0541044776119403 0.05909494616900986 0.022388059701492536
2 0.6938186426358771 0.21735074626865672 0.027673678053852627 0.020522388059701482
2 0.6898652600567554 0.28078358208955223 0.02767367805385277 0.02425373134328357
2 0.6691100015163659 0.34048507462686567 0.03360375192253528 0.020522388059701482
2 0.5930073868682711 0.8973880597014926 0.015813530316487245 0.041044776119402965
2 0.6453897060416351 0.9617537313432836 0.013836839026926314 0.013059701492537386
2 0.6394596321729524 0.9888059701492538 0.0217436041851699 0.01119402985074629
2 0.6216694105669043 0.9235074626865672 0.017790221606048106 0.02238805970149258
2 0.9290449060936248 0.8833955223880595 0.05139397352858353 0.031716417910447776
2 0.9181731040010398 0.9169776119402985 0.03755713450165729 0.024253731343283534
2 0.8638140935381151 0.7266791044776119 0.027673678053852627 0.020522388059701482
2 0.894452808526309 0.736007462686567 0.013836839026926243 0.005597014925373145
2 0.9329982886727464 0.7583955223880596 0.02372029547473076 0.016791044776119434
2 0.25103979377423474 0.11847014925373132 0.03162706063297442 0.020522388059701482
2 0.14528680978272643 0.5690298507462687 0.013836839026926348 0.022388059701492508
2 0.9063129562636745 0.17257462686567165 0.025696986764291694 0.013059701492537278
