1 0.5037181569721776 0.66626854692503 0.029965154622667852 0.05267375113315183
1 0.5896559589088852 0.8089593802185684 0.049188084003247215 0.09905809914592752
1 0.6125538600828105 0.8231105372394151 0.013569126621585497 0.07861753900470447
1 0.6261229867043958 0.8117109940837327 0.015830647725182913 0.027516138651646573
1 0.6182076628418046 0.8262552387996034 0.03392281655396346 0.07547283744451619
1 0.5664753675970102 0.6446487236987363 0.01978830965647873 0.023585261701411255
1 0.5955924518058289 0.6379662328833365 0.04409966152015265 0.04166729567249327
1 0.5950270715299294 0.6772750023856886 0.029399774346768482 0.03223319099192892
1 0.5246372271804548 0.6725579500454063 0.009611464690289609 0.024371437091458434
1 0.5317044806291974 0.6843505808961119 0.02035368993237796 0.03066084021183457
1 0.48251639662595025 0.7755469261415687 0.05766878814173808 0.05739080347343418
1 0.5305737200773987 0.7444929982347108 0.023745971587774334 0.022012910921317255
1 0.5605388747000665 0.8077801171334977 0.04070737986475614 0.08569311751512786
1 0.4938240021439381 0.8746050252874963 0.05201498538274414 0.04323964645258755
1 0.5288775792497006 0.8624193067417673 0.040707379864756206 0.029874664821787748
1 0.44237439703709336 0.8749981129825197 0.01922292938057936 0.018868209361128832
1 0.39893271752097365 0.7102695608289821 0.05135063170016992 0.05267375113315195
1 0.429653340829357 0.7043980533423115 0.022049830760076362 0.06603873276395135
1 0.4316321717950049 0.6426832852236188 0.03166129545036604 0.06996960971418688
1 0.4245649183462625 0.5782169032397612 0.05258036565864352 0.06210785581371638
1 0.35587121482448625 0.5974782002959137 0.020353689932378172 0.04402582184263451
1 0.3960132144133432 0.5982643756859608 0.04296890096835391 0.033019366381975813
1 0.35671928523833535 0.54794915072295 0.016396028001082356 0.05503227730329293
1 0.37820373572251215 0.5345841690921503 0.04353428124425321 0.029874664821787675
0 0.38018256668816003 0.8144626079488977 0.06106106979713445 0.0628940312037635
0 0.3762249047568636 0.8600607805716243 0.07463019641872057 0.04088112028244593
0 0.34258477834085055 0.9060520408893781 0.031095915174466596 0.035377892552116916
0 0.37650759489481417 0.8746050252874966 0.05371112621044226 0.09041016985540992
0 0.5673234380108593 0.9331750918460011 0.03618433765756123 0.04402582184263451
0 0.5910694095986336 0.9178446717400839 0.03392281655396367 0.046384348012775266
0 0.6057692967720176 0.9056589531943547 0.05766878814173808 0.026729963261599324
0 0.7004704929851664 0.7075427549024998 0.0571034078658387 0.047170523402822656
0 0.7420259432637712 0.7417413843695461 0.04183814041655509 0.05267375113315183
0 0.7032973943646632 0.8144626079488977 0.04692656289964972 0.05188757574310472
0 0.6634380849137557 0.704004965647288 0.03166129545036597 0.04166729567249334
0 0.6589150427065609 0.6670547223150771 0.02713825324317071 0.04481199723268148
0 0.7126261689170031 0.6784542654707592 0.022615211035975732 0.034591717162070094
0 0.8488976826586864 0.5974823349523603 0.04296890096835384 0.022012910921317186
0 0.8466212943051593 0.6430763729186424 0.03279205600216486 0.05660462808338721
0 0.8200715270957757 0.6505846604578237 0.02487673213957303 0.018868209361129092
0 0.8104369566475982 0.5943334987357254 0.01017684496618898 0.020440560141223117
0 0.20463199102139867 0.48191041795899836 0.03788047848525931 0.034591717162069886
0 0.24053363854101015 0.5015648027101746 0.018092168828780578 0.033019366381975813
0 0.24788358212770223 0.5400873968224795 0.014699887173384241 0.017295858581034905
0 0.18201677998542296 0.4815173302639749 0.03448819682986297 0.02437143709145836
2 0.2416643990928089 0.5990505510760079 0.014699887173384205 0.017295858581034905
2 0.663438084913756 0.4665799978530811 0.03166129545036597 0.02594378787155243
2 0.7030147042267134 0.47837262870378666 0.0339228165539636 0.0526737511331519
2 0.7228030138831923 0.5212191874613505 0.036184337657561086 0.045598172622728514
2 0.8395540408564167 0.5428390106876443 0.025442112415472735 0.03066084021183471
2 0.7869736751977734 0.5161090474260448 0.011872985793887238 0.03066084021183464
2 0.7618142529202504 0.5322256429220091 0.030530534898567368 0.014151157020846768
2 0.6801168030527882 0.5542385538433264 0.027703633519070365 0.023585261701411255
3 0.6400324575006718 0.7550086315092119 0.0038616233583728386 0.006443620436148052
3 0.6457693579104137 0.7652308289638586 0.005659988158491985 0.007699260182193797
3 0.6503834786917929 0.7725023524692639 0.006029117821002216 0.009581301560063623
2 0.6372391017144391 0.3656191781376145 0.04587608549747138 0.04370922529187176
2 0.6079293804243878 0.38274846913037514 0.022938042748735656 0.021263947439288985
2 0.6242833553470976 0.4462449788449184 0.04375219265036627 0.032486586365580196
2 0.7073275656689091 0.4574676177712098 0.01869025705452543 0.04311856008522483
2 0.6710089979834108 0.44270098760503696 0.025911492734682753 0.032486586365580335
2 0.7697700153738009 0.42793435743886404 0.029734499859472265 0.0242172734725235
2 0.731115165556487 0.3927897776433727 0.008495571388420586 0.005906652066469249
2 0.6661240444350692 0.532482099015368 0.01869025705452543 0.017129290992760532
0 0.8443186543071917 0.35232921098805897 0.02421237845699878 0.09273443744356553
0 0.8647080256394015 0.3656191781376145 0.022513264179314662 0.07206115521092364
0 0.8972035862001103 0.37743248227055287 0.022938042748735656 0.05079720777163466
0 0.8766018255831903 0.4778455674005282 0.09472562098089014 0.042527894878577895
0 0.8846726184021896 0.43797566595186166 0.02930972129005127 0.07501448124415816
0 0.9464853863377275 0.47717846976428385 0.03525662126194571 0.03721190801875557
0 0.9146195075463726 0.5664453483975656 0.021238928471051677 0.02717059950575795
0 0.965805325161607 0.5767819895138866 0.04120352123383995 0.049025212151693864
0 0.9706902787099488 0.5212594600890766 0.012743357082630809 0.08328379413721493
0 0.9774867358206853 0.5339587620319852 0.01869025705452543 0.07678647686409895
0 0.8857345648257424 0.590662621870089 0.01869025705452529 0.01771995619940732
0 0.8774513827220324 0.6317138537320496 0.018265478485104437 0.028942595125698745
0 0.9411681681351871 0.6990496872897978 0.036955735539629726 0.03130525595228633
0 0.9583717001967389 0.6709930899740695 0.05776988544126013 0.06024785107798536
0 0.9706902787099487 0.6086779106728198 0.050973428330523804 0.08800911579039031
0 0.9184425146711618 0.5372074206685433 0.022088485609893807 0.04784388173840001
0 0.8719292613195588 0.2253387763357979 0.053097321177628914 0.046662551325106244
0 0.9360708253021346 0.2997625923733092 0.03015927842889326 0.032486586365580335
0 0.9566725859190549 0.27879397753734375 0.016991142776841314 0.043709225291871656
0 0.91355756112282 0.2265201067490918 0.018265478485104437 0.023035943059229673
0 0.9076106611509256 0.09745975909674093 0.032707949845419367 0.04134656446528402
0 0.9570973644884759 0.12403969339585208 0.006796457110736611 0.018901286612701254
2 0.7629735582630645 0.1633189296378719 0.00594689997189434 0.017129290992760494
2 0.811823093746483 0.13939698876867188 0.00509734283305221 0.014175964959525923
2 0.8169204365795353 0.1577076101747262 0.004247785694210222 0.011813304132938286
2 0.8179823830030878 0.18192488364724968 0.0038230071247893705 0.0165386257861136
2 0.791640697704381 0.2249997725059536 0.025486714165261853 0.007629616444524312
2 0.8031151330733511 0.3845230495271414 0.007221235680157456 0.03307725157222719
2 0.7741557304304167 0.29476901733984845 0.005522121402473172 0.07301440822902626
1 0.7173162187747537 0.22301272546961748 0.05052141032713752 0.06894131600655946
1 0.7510797583192753 0.23124542840226708 0.026336271304103893 0.02539860388581733
1 0.7508673690345651 0.23449408703882516 0.018265478485104295 0.059066520664691494
1 0.6873629729061207 0.23006409798897332 0.06711501396852299 0.050206542564987765
1 0.7079647335230408 0.2752499862974622 0.027610607012367012 0.03189592115893337
1 0.6455222838181491 0.29858126196001533 0.02166370704047267 0.033667916778874096
1 0.669309883705727 0.30478324662980794 0.03185839270657738 0.0165386257861136
1 0.5677878056141004 0.30005792497663264 0.026761049873525025 0.05434119901151611
1 0.5886019555157308 0.2755453189007857 0.027610607012367012 0.031305255952286434
1 0.6412744981239388 0.24630739117176342 0.05394687831647097 0.03543991239881492
1 0.6060178768619932 0.25812069530470166 0.026761049873524883 0.02598926909246426
1 0.5745842627248368 0.22474811112915102 0.025911492734682965 0.020673282232642053
1 0.6138762803962824 0.17572289897745713 0.05437165688589211 0.030123925538992645
1 0.6548674123454117 0.14323631261187678 0.00892034995784158 0.06201984669792605
1 0.6690974944210164 0.14146431699193607 0.016991142776841172 0.05020654256498773
1 0.687575362190831 0.11960970434600021 0.011469021374367828 0.01831062140605436
1 0.603893984014888 0.20525615930980287 0.02081414990163054 0.017129290992760567
1 0.497274563090209 0.2867679578270771 0.04630086406689245 0.09509709827015325
1 0.502584295207972 0.1633189296378719 0.03398228555368256 0.0324865863655803
1 0.5314692379286021 0.16420492744784224 0.030584056998314183 0.024807938679170416
1 0.4909028845488935 0.21234414178956584 0.03525662126194561 0.07855847248403969
1 0.5395400307476016 0.19078486174695314 0.01529202849915711 0.0732424856242173
1 0.5127789808740768 0.25959735832131897 0.04077874266441917 0.06792649876439516
1 0.5127789808740768 0.13201367368558542 0.007646014249578528 0.01712929099276055
1 0.5027966844926824 0.14441764302517063 0.019964592762788485 0.021854612645935845
1 0.6353275981520443 0.11665637831276564 0.03950440695615597 0.008859978099703696
1 0.6219470732152819 0.07383315083086432 0.009345128527262644 0.01299463454623213
1 0.6317169803119655 0.06910782917768901 0.005946899971894553 0.007087982479762971
1 0.7553275440134857 0.14087365178528913 0.008495571388420444 0.01004130851299756
1 0.7422230547965581 0.15919832177068638 0.01189379994378894 0.011222638926291398
1 0.7088142906618827 0.21884145906268188 0.07178757823215434 0.054931864218163075
0 0.9243894146430562 0.13112767587561508 0.016991142776841314 0.017719956199407444
1 0.9864070857785271 0.928529509995723 0.022938042748735798 0.022445277852582563
1 0.9696283322863962 0.9400474815253381 0.057345106871839135 0.037211908018755506
1 0.9150442861157937 0.964560087601185 0.022938042748735656 0.0661545031444544
1 0.9405310002810557 0.9424101423519258 0.02718582844294602 0.037211908018755506
1 0.5896639019392835 0.7463092937451501 0.011893799943788893 0.03012392553899275
1 0.602619648306625 0.7551692718448538 0.007221235680157392 0.02067328223264198
0 0.8800000541385586 0.8047851492031947 0.06923890681562823 0.06320117711121981
0 0.9294867574761088 0.8145311251128685 0.05012387119168182 0.05079720777163459
0 0.8753274898749273 0.8665096632977972 0.06923890681562796 0.0330772515722272
0 0.860460239945191 0.8960429236301428 0.014017692790894216 0.018901286612701396
0 0.9479646252459234 0.8561730221814764 0.030159278428893117 0.049025212151693864
0 0.8766018255831903 0.8499710375116836 0.07603536392636456 0.04134656446528396
0 0.8003540723721153 0.8357950725521576 0.015292028499157055 0.0212639474392887
0 0.8362478614881924 0.8012411579633131 0.04715042120573457 0.03603057760546165
0 0.8613097970840332 0.7702312346143501 0.02081414990163054 0.03071459074563947
0 0.9772743465359747 0.8059664796164884 0.02421237845699878 0.052569203391575454
0 0.8848850076869005 0.8892502737537035 0.04502652835862946 0.017129290992760532
0 0.9367079931562663 0.8862969477204687 0.03398228555368249 0.024217273472523573
0 0.8188319401419301 0.8975195866467601 0.019115035623946425 0.03012392553899261
0 0.8184071615725088 0.8490850397017131 0.013168135652051946 0.06438250752451352
2 0.9881062000562111 0.3375689707454852 0.011893799943789106 0.050206542564987806
1 0.9961769928752107 0.2914970846270258 0.006796457110736469 0.01004130851299756
2 0.9821593000843167 0.05227387078825196 0.03398228555368263 0.014766630166172865
2 0.9726017822723435 0.07560514645080507 0.01656636420742018 0.025989269092464237
2 0.9870442536326582 0.06822183136771864 0.014017692790894216 0.020673282232642008
1 0.46244272039768447 0.1361483301321138 0.03525662126194561 0.023035943059229652
1 0.4488498061762114 0.17276957294422254 0.03525662126194568 0.05611319463145687
1 0.4539471490092638 0.2720013276609043 0.046300864066892614 0.17660889678742764
1 0.423150702726239 0.24128673691526464 0.029734499859472196 0.02185461264593581
1 0.4545843168633954 0.3195498767959808 0.11978755657673097 0.08151179851727416
1 0.4307967169758177 0.18635487269710155 0.016141585637999115 0.027761264712404986
1 0.4269737098510283 0.2690480016276696 0.028884942720630136 0.033667916778874166
1 0.44927458474563237 0.3517411305582377 0.1321061350899408 0.06792649876439519
1 0.3908675314502406 0.39308769502352175 0.02208848560989367 0.027761264712404952
1 0.39129231001966164 0.4184862989093389 0.02208848560989367 0.027761264712404952
1 0.44099140264192227 0.46426285242447507 0.0654158996908388 0.021263947439288913
1 0.4834692595840251 0.40519633175978353 0.03738051410905085 0.0720611552109239
1 0.41210645992129213 0.3789117300639957 0.045026528358629324 0.06674516835110132
1 0.4365312276630025 0.3130525595228647 0.04969909262226085 0.1771995619940742
0 0.21564637156406508 0.2811566383639314 0.032707949845419436 0.028351929919051846
0 0.2105490287310127 0.32014054200262776 0.03440706412310355 0.04016523405199017
0 0.2693808605958256 0.36355443469117604 0.04417697121978734 0.032486586365580265
0 0.3352215388560855 0.3520364631615611 0.022938042748735656 0.027170599505758092
0 0.3192923425027967 0.4176003010993685 0.02336282131815672 0.05079720777163466
0 0.33968171383500634 0.42055362713260325 0.02251326417931459 0.041346564465284036
0 0.3392569352655853 0.41110298382625265 0.03780529267847179 0.05788519025139763
0 0.2778764319842463 0.256348699684761 0.06456634255199681 0.030714590745639606
0 0.27872598912308827 0.22711077195573867 0.03398228555368256 0.04784388173840007
2 0.18272603243393493 0.2150021352194768 0.07306191394041757 0.03189592115893329
0 0.21139858586985474 0.44861022444833165 0.012318578513209921 0.03366791677887413
0 0.06909776511380913 0.3821603887005537 0.03015927842889327 0.04961587735834093
0 0.09012430430015023 0.4657395154410922 0.022088485609893647 0.0336679167788742
0 0.1464074647484369 0.41523764027278104 0.027610607012367082 0.05079720777163466
0 0.08672607574478197 0.5758985764807418 0.028884942720630146 0.03189592115893333
0 0.2927436819139823 0.4790294825906478 0.010194685666104845 0.015357295372819806
0 0.2536640535272474 0.5067907473030527 0.008495571388420622 0.02717059950575802
0 0.3779117850828992 0.0540458664081927 0.040353964094998036 0.015947960579466694
0 0.3581595816048212 0.0803304681039804 0.011044242804946834 0.02953326033234573
0 0.42506220628863367 0.057589857648074186 0.02506193559584091 0.03366791677887414
0 0.4008498278316349 0.12610702161911627 0.010619464235525839 0.014766630166172854
0 0.4142303527683974 0.1190190391393533 0.00679645711073654 0.01122263892629139
0 0.42973477055226494 0.0844651245505088 0.012318578513209886 0.01299463454623213
0 0.36849540897274496 0.9790313851640343 0.018265478485104295 0.017129290992760532
0 0.3871856660272703 0.9666274158244492 0.019115035623946425 0.01712929099276039
0 0.3587255018760612 0.8857062825138218 0.04630086406689245 0.026579934299111155
0 0.4133095480466638 0.8171891185427798 0.007646014249578599 0.026579934299111155
1 0.11808844229904679 0.9226228579292538 0.06371678541315476 0.07914913769068647
1 0.1522831171374399 0.9261668491691354 0.030159278428893276 0.0637918423178668
1 0.13507958507588805 0.8957475910268193 0.05776988544126034 0.04666255132510628
1 0.09854862810567934 0.8797996304473529 0.02633627130410396 0.0336679167788742
1 0.1705485956225442 0.9308921708223109 0.04205307837268215 0.046071886118459415
1 0.2157875132658841 0.9875960306604145 0.021238928471051573 0.02362660826587657
1 0.11469021374367852 0.9672180810310961 0.04672564263631346 0.010041308512997489
1 0.1410264850477825 0.9740107309075359 0.01529202849915718 0.025989269092464157
1 0.3916458410061911 0.7383353134554167 0.026336271304103893 0.04725321653175314
1 0.4060883123665063 0.6904914317170165 0.05012387119168174 0.046071886118459415
1 0.15589373497751863 0.9320735012356045 0.03907962838673495 0.07560514645080488
0 0.06753979253794404 0.8086244730463994 0.019539814193367464 0.02362660826587657
0 0.07879642462760136 0.781749206143965 0.014017692790894038 0.03603057760546193
0 0.04651325335160296 0.8797996304473529 0.01316813565205198 0.05020654256498787
0 0.045876085497471415 0.9338454968555453 0.00849557138842064 0.0637918423178668
1 0.114053045889547 0.7161853682061573 0.008070792818999592 0.09155310703027184
1 0.11256632089657337 0.736563317835476 0.01359291422147301 0.046071886118459415
1 0.11808844229904679 0.7037813988665722 0.01019468566610474 0.03484924719216792
1 0.11235393161186287 0.759303928291382 0.006371678541315493 0.026579934299111155
1 0.12212383870854658 0.6308342458456783 0.012318578513209904 0.041346564465284036
0 0.22046007752951544 0.8656236654878269 0.03823007124789285 0.018310621406054394
0 0.2504069666736981 0.9551094442948344 0.011469021374367862 0.016538625786113384
0 0.2678228880199604 0.9370941554921035 0.012318578513209886 0.01358529975287908
1 0.3328140091413783 0.9695807418576837 0.02251326417931473 0.012403969339585217
3 0.28821225935217 0.9899586914870022 0.021663707040472636 0.007087982479762758
2 0.2349025488898305 0.6562328497314955 0.01953981419336742 0.038983903638696235
0 0.032707949845419436 0.48405394199392004 0.03823007124789285 0.028942595125698814
0 0.019539814193367453 0.38984284153373705 0.0161415856379992 0.02008261702599519
0 0.06499112112141785 0.41051612376637914 0.023787599887577775 0.038983903638696374
0 0.12084950300028349 0.38777551331047294 0.029309721290051202 0.02776126471240502
0 0.14421232431844025 0.4613133315380138 0.01826547848510435 0.028351929919051954
1 0.1255220672639149 0.5756070490241919 0.010619464235525821 0.025398603885817366
1 0.2937343807546433 0.5567057624114905 0.009769907096683675 0.019491951819348187
1 0.2913980986228277 0.5829903641072781 0.004247785694210222 0.02362660826587657
0 0.015292028499157138 0.5664517383211646 0.022088485609893644 0.03898390363869644
0 0.05139820689994482 0.53957647141873 0.02463715702641984 0.01358529975287901
0 0.08007076033586445 0.6831081166339302 0.014017692790894029 0.02776126471240488
0 0.02123892847105158 0.79415317548355 0.03568139983136665 0.028942595125698887
1 0.008283182103710117 0.33608850258209444 0.014017692790894043 0.06379184231786673
1 0.019327424908656937 0.33638383518541787 0.038654849817313874 0.02657993429911116
1 0.05989377828836545 0.2702293320409634 0.019539814193367436 0.0490252121516939
1 0.05330971046233946 0.2841099643971659 0.043752192650366256 0.017719956199407427
1 0.07178757823215434 0.30714590745639564 0.01359291422147301 0.012994634546232113
1 0.018477867769814874 0.1751322337708102 0.030159278428893245 0.11163572405626686
1 0.036743346254919235 0.14589430604178788 0.03015927842889324 0.09214377223691868
1 0.04311502479623472 0.21706946344274114 0.026761049873524994 0.028942595125698852
1 0.03483184269252459 0.09302977004688907 0.008495571388420631 0.027761264712404997
2 0.12849551724986205 0.10631973719644464 0.03355750698426149 0.05079720777163466
2 0.11086720661888926 0.05788519025139765 0.03313272841484047 0.020082617025995092
2 0.05585838187886566 0.05581786202813344 0.029309721290051174 0.015947960579466694
2 0.07709731034991725 0.14825696686837558 0.02081414990163054 0.03898390363869634
0 0.2455220131253563 0.06556383793780753 0.018690257054525396 0.020082617025995102
3 0.7733853186492905 0.3575480606058155 0.017552833447150105 0.036389591994776115
3 0.7847148747833603 0.2730088255447808 0.009574272789354694 0.01908234702165089
3 0.7778533126176559 0.31916147880644813 0.007978560657795413 0.05014663287084995
3 0.7662046140572746 0.38350892806550335 0.022339969841827383 0.011981938827548078
3 0.7775341701913442 0.3797368362123863 0.01882940315239736 0.024851428679359203
3 0.7861510157017633 0.19468244765358594 0.019467688005020987 0.0097630612668911
3 0.7874275854070103 0.1693872434620953 0.017552833447150105 0.05059040838298138
3 0.7933317202937791 0.17116234551062096 0.029361103220687426 0.02751408175214779
3 0.789821153604349 0.14342637600240749 0.00957427278935441 0.020857449070176504
