1 0.8741939703596547 0.16852367688022285 0.2054509918589082 0.06963788300835656
1 0.9029571092199018 0.16295264623955433 0.15408824389418116 0.1392757660167131
1 0.91836593360932 0.07938718662952646 0.07396235706920706 0.06685236768802229
1 0.8911436771880145 0.10515320334261836 0.04828098308684346 0.07381615598885792
1 0.8649486757260039 0.1030640668523677 0.030817648778836287 0.050139275766016705
1 0.8397809292232875 0.1497214484679666 0.07088059219132332 0.07381615598885795
1 0.8089632804444514 0.1915041782729805 0.035953923575308834 0.10445682451253482
1 0.9065525015774327 0.23746518105849582 0.14689745917911934 0.09610027855153205
1 0.8546761261330587 0.2632311977715877 0.022599609104479872 0.1448467966573816
1 0.8834392649933056 0.2332869080779944 0.04109019837178167 0.14345403899721443
1 0.9414791701934473 0.2576601671309192 0.06677157235414527 0.11420612813370472
1 0.9764058388094616 0.2576601671309192 0.029790393819541662 0.10027855153203344
1 0.9075775132362454 0.3817577417743345 0.14073392942335225 0.02364563287870966
1 0.8495398513365856 0.30779944289693595 0.045199218208959877 0.047353760445682486
1 0.07335211847108818 0.6122733937686374 0.08802254216530582 0.10204556562810631
1 0.06761151789508997 0.5824380377163522 0.057406005759982046 0.06658905553698453
1 0.08610900863997309 0.6399467674982935 0.0892982311821943 0.07610177775655401
1 0.11162278897774287 0.6831864139508806 0.06506013986131301 0.062265090891725806
1 0.14000686960351177 0.6944287220285534 0.02997869189687952 0.038050888878276935
1 0.08483331962308456 0.709130201822433 0.024238091320881318 0.058805919175518966
1 0.06506013986131298 0.65810741900838 0.019135335253327338 0.12798935349965881
1 0.031573303167990126 0.6196241336655772 0.04656264911642989 0.11847663128008946
1 0.04624372686220777 0.6632961765826906 0.026151624846214045 0.08129053533086442
1 0.023281324558214946 0.28408447719349916 0.042735582065764416 0.07004822725319154
1 0.01849749074488311 0.36018625495005296 0.034443603455989236 0.10291035855715798
1 0.029340847388435273 0.313919833245785 0.05868169477687053 0.050157989885000545
1 0.09025499794486067 0.5020122953145397 0.02487593582932554 0.03545651009112163
1 0.07494672974219879 0.4488275301778571 0.03253006993065649 0.053617161601208496
1 0.06123307281064752 0.43369365391945164 0.0242380913208813 0.05448195453026017
1 0.01148120115199641 0.40904705544147674 0.01913533525332735 0.041510060594483845
1 0.00637844508444245 0.4470979443197537 0.00510275606755396 0.05534674745931192
1 0.004464911559109715 0.5011475023854879 0.00892982311821943 0.011242308077672689
1 0.004464911559109715 0.6165973584138963 0.00765413410133094 0.12280059592534812
1 0.057724928014204174 0.4064526766543215 0.038908515015098954 0.04669881816879439
1 0.04911402715020687 0.33726924233018174 0.028065158371546783 0.017295858581035047
1 0.06856828465775633 0.3783469064601397 0.008291978609775192 0.04583402523974265
2 0.5003890168745102 0.518443360966523 0.014670423694217689 0.03718609594922512
2 0.5769303578878197 0.4453683584616502 0.01849749074488315 0.017295858581034978
2 0.7612674208282064 0.5621154038836362 0.01849749074488315 0.025943787871552503
2 0.7625431098450949 0.5331448407604026 0.022324557795548684 0.03199733837491465
2 0.7813595228442002 0.5106602246050572 0.011481201151996459 0.021619823226293775
2 0.6244497737669158 0.39304838625401944 0.01530826820266185 0.014701479793879813
2 0.5373839983642764 0.24560119185069637 0.013394734677329155 0.010377515148620979
2 0.5775682023962638 0.26203225750267967 0.008291978609775158 0.010377515148621015
2 0.588411559039816 0.2741393585094041 0.008291978609775298 0.012107101006724505
2 0.5689573015322665 0.2581406893219468 0.008929823118219318 0.007783136361465708
2 0.5967035376495912 0.4129386236222097 0.008291978609775298 0.009512722219569341
2 0.6365688194273565 0.41683019180294245 0.016583957219550385 0.02248461615534552
2 0.6193470176993618 0.4345584468485033 0.01530826820266185 0.016431065651983302
2 0.19103443027905137 0.11026109845409784 0.022324557795548615 0.031997338374914704
2 0.2015588646683814 0.09123565401495938 0.007654134101330925 0.03199733837491467
2 0.20506700946482487 0.08907367169233005 0.02104886877866008 0.015566272722931469
2 0.174450473059501 0.10377515148620972 0.017221801727994618 0.019025444439138468
2 0.18497490744883108 0.12193580299629644 0.020411024270215846 0.01383668686482798
2 0.17700185109327798 0.1409612474354349 0.014670423694217637 0.008647929290517452
0 0.3718633484229949 0.3195409872846209 0.2411052241919246 0.09080325755043353
0 0.4595669683340786 0.3230001590008278 0.12055261209596224 0.06312988382077758
0 0.2229266557012636 0.3342424670785006 0.10524434389330044 0.12366538885440001
0 0.4050312628620955 0.3999667296864334 0.12374183463818347 0.17382337873940135
0 0.4758320032994067 0.3822384746408725 0.11863907857062955 0.14182604036448662
0 0.5160162073313942 0.4116414342286322 0.0765413410133094 0.034591717162069886
0 0.39004191691365586 0.49682353774022914 0.1052443438933004 0.13058373228681389
0 0.4394748663180848 0.45444868421669354 0.06888720691197847 0.10809911613146853
0 0.4895456602309581 0.4427739796744949 0.05676816125153785 0.062265090891725806
0 0.3112681201207916 0.5379012018701872 0.09057392019908278 0.1349076969320727
0 0.2672568490381386 0.5309828584377733 0.07016289592886697 0.11934142420914114
0 0.16392603867017094 0.4358556362420809 0.06123307281064751 0.2023615453981091
0 0.2181428218879318 0.5214701362182039 0.030616536405323736 0.11415266663483059
0 0.15499621555195153 0.3779145099956138 0.11353632250307559 0.07437219189845039
0 0.15659082682306216 0.432396464525874 0.09248745372441557 0.04669881816879439
0 0.19231011929593986 0.2737069620448782 0.04145989304887593 0.04064526766543214
0 0.08610900863997306 0.26419423982530893 0.015308268202661885 0.042374853523535594
0 0.09599559852085886 0.2628970504317313 0.010843356643552172 0.036321303020173445
0 0.3380575894754499 0.16214867419720272 0.06378445084442454 0.07177781311129502
0 0.3769661044905488 0.20019956307547956 0.03316791443910077 0.04756361109784613
0 0.2934084738843527 0.17598536106203067 0.04847618264176262 0.07696657068560554
0 0.2934084738843527 0.07912855300823493 0.022962402303992845 0.028538166658707655
0 0.3278520773403419 0.12193580299629644 0.025513780337769774 0.04669881816879439
0 0.5577950226344921 0.05188757574310488 0.2583270259199192 0.019025444439138454
0 0.5660870012442671 0.07696657068560563 0.23026186754837197 0.029402959587759358
0 0.5807574249384849 0.0998835833054769 0.1600989716195057 0.07350739896939856
0 0.4889078157225137 0.09166805047948529 0.04018420403198746 0.05361716160120835
0 0.6579366104602387 0.09426242926664051 0.031254380913767935 0.06226509089172581
0 0.7019478815428916 0.18420089388802224 0.008291978609775298 0.020755030297241923
0 0.622217317987361 0.12842174996418454 0.10141727684263487 0.09599201512474399
0 0.5459948992282737 0.11544985602840832 0.056130316743093545 0.11501745956388244
0 0.7700570547058502 0.07393979543392443 0.017221801727994545 0.059670712104570596
0 0.7952519127893976 0.0562115403883636 0.059957383793759075 0.029402959587759438
0 0.8290576717369426 0.04496923231069088 0.0472004936248743 0.00864792929051748
0 0.7882356231965109 0.07566938129202795 0.028065158371546772 0.023349409084397203
1 0.9065525015774328 0.6699164345403901 0.07498961202850155 0.022284122562674185
1 0.9455881900306252 0.5884401114206128 0.04211745333107629 0.04038997214484688
1 0.939424660274858 0.6399721448467967 0.029790393819541804 0.0766016713091922
1 0.9689418889179582 0.6086350974930361 0.03951661305960372 0.0584958217270195
0 0.025167746502716262 0.07520891364902507 0.04622647316825436 0.06128133704735376
0 0.049821865525785256 0.05779944289693593 0.06060804259837793 0.02924791086350975
0 0.047767355607196166 0.08704735376044567 0.029790393819541693 0.037604456824512536
0 0.012327059511534497 0.83983286908078 0.018490589267301745 0.24233983286908084
0 0.14587020421982488 0.8300835654596099 0.05341725788331615 0.11699164345403901
0 0.12635235999322858 0.8133704735376045 0.09450745625509782 0.07242339832869078
0 0.14638383169947214 0.8029247910863511 0.07498961202850152 0.09610027855153191
0 0.14792471413841396 0.766016713091922 0.06985333723202881 0.04735376044568227
0 0.04314470829037074 0.8628133704735376 0.051362747964727076 0.21030640668523687
0 0.08012588682497424 0.899025069637883 0.08012588682497424 0.12952646239554327
0 0.13765216454546855 0.8892757660167132 0.05136274796472707 0.026462395543175463
0 0.17463334308007206 0.8335654596100278 0.0369811785346035 0.048746518105849505
0 0.11864794779851956 0.9122562674094707 0.05239000292402162 0.03342618384401106
0 0.06523068991520338 0.8112813370473537 0.025681373982363535 0.0821727019498607
0 0.03389941365671986 0.786908077994429 0.03698117853460348 0.09470752089136497
0 0.21212814909432282 0.6545961002785515 0.05444451284261067 0.06406685236768787
0 0.2537319749457517 0.6629526462395543 0.02670862894165804 0.06406685236768808
0 0.2963630557564752 0.6824512534818942 0.03800843349389805 0.05013927576601674
0 0.428878945505471 0.9136490250696377 0.25167746502716265 0.11977715877437319
0 0.603512288585543 0.9247910863509751 0.23524138567845 0.12256267409470765
0 0.7082922944335863 0.8286908077994428 0.0955347112143923 0.10863509749303617
0 0.4412060050170055 0.8516713091922006 0.21880530632973738 0.07103064066852369
0 0.451478554609951 0.7910863509749304 0.09758922113298148 0.08077994428969362
0 0.5726946398067068 0.8210306406685237 0.04622647316825436 0.1183844011142061
0 0.311258252666246 0.923398328690808 0.05547176780190522 0.1476323119777159
0 0.322558057218486 0.8690807799442898 0.10888902568522141 0.0835654596100278
0 0.254245602425399 0.8224233983286909 0.019517844226596283 0.057103064066852484
0 0.379570707459333 0.7110027855153203 0.02362686406377449 0.03760445682451248
0 0.8788166176764802 0.8760445682451254 0.029790393819541804 0.20612813370473546
0 0.9728104464519308 0.862116991643454 0.039035688453192705 0.05013927576601674
0 0.9871920158820544 0.8105849582172702 0.018490589267301658 0.052924791086350925
2 0.8911436771880148 0.5828690807799444 0.025681373982363455 0.034818941504178295
2 0.37589827042840573 0.6192379854578689 0.01955609341338495 0.015320334261838223
1 0.8834392649933056 0.6977715877437325 0.03492666861601435 0.04735376044568241
1 0.958428877021807 0.6699164345403901 0.02670862894165822 0.11142061281337043
1 0.9558607396235708 0.49512534818941506 0.04006294341248719 0.026462395543175463
1 0.9635651518182798 0.46796657381615603 0.022599609104479872 0.07799442896935936
1 0.9717831914926361 0.4268802228412257 0.0369811785346036 0.05988857938718659
1 0.9676741716554581 0.5132311977715877 0.016436079348712697 0.040389972144846735
1 0.9692150540943999 0.08704735376044567 0.04622647316825436 0.048746518105849596
