3 0.7282401067012013 0.8680776432118429 0.01301682064714953 0.014523562215210006
3 0.7392230491222337 0.8424596931933476 0.02738956011171041 0.018961317336524106
3 0.7594262395016637 0.8271292664106259 0.010304983012326687 0.015733859066477295
3 0.7484432970806313 0.8757428566032037 0.021965884842064725 0.029853988997931537
3 0.7512907265971953 0.8466957321727838 0.015186290755007832 0.041956957510606546
3 0.7668837929974265 0.8813909085757854 0.010576166775808957 0.01371669764769834
3 0.7835615944515868 0.8866355282646112 0.013016820647149673 0.014523562215210006
3 0.7811209405802461 0.9098328845805717 0.014101555701078752 0.01412012993145396
3 0.7182063074523569 0.8971247676422628 0.017355760862866134 0.015330426782721531
3 0.7377315384230811 0.8926870125209487 0.02711837634822814 0.033888311835489876
3 0.7811209405802447 0.9130603428506192 0.014643923228042975 0.0391329315243177
3 0.8128494409076731 0.9433177641323056 0.023321803659476215 0.03590547325426897
3 0.8512219434404159 0.9195152593907117 0.02793192763867509 0.02864369214666411
3 0.8330526312871033 0.9632876621782195 0.021423517315100327 0.028240259862908203
3 0.8467474113429584 0.945334925551085 0.01247445312018499 0.02783682757915258
3 0.8582727212909553 0.9362576991665786 0.019254047207242025 0.023399072457838486
3 0.8748149308633745 0.9348456861734331 0.009491431721879877 0.018154452769012577
3 0.853120229784792 0.9001505097704317 0.01491510699152542 0.01734758820150077
3 0.8110867464450382 0.8981333483516524 0.008949064194915337 0.013313265363942435
3 0.8212561375756239 0.9088243038711821 0.0054236752696456845 0.015330426782721531
3 0.8135274003163789 0.8856269475552216 0.005152491506163272 0.015733859066477576
3 0.8186798918225421 0.872717114475035 0.005694859033127813 0.011699536228919243
3 0.789663229129938 0.8281378471200154 0.010576166775808814 0.014523562215210006
3 0.8222052807478107 0.823296659714946 0.024135354949923006 0.062128571698397056
3 0.831696712469692 0.8523437841453654 0.029016662692603893 0.04276382207811832
3 0.8350865095132203 0.7577389136046228 0.01247445312018499 0.015733859066477437
3 0.8361712445671493 0.7474513903688489 0.007050777850539305 0.012102968512675146
3 0.8087816844554391 0.8311635892481842 0.028203111402157487 0.027029963011640776
3 0.8102731951545915 0.8156314463235848 0.0132880044106318 0.024205937025350153
1 0.6447155075486586 0.8620261589555055 0.014101555701078468 0.01694415591774515
1 0.671969475778628 0.8620261589555054 0.0159998420454545 0.016137291350233483
1 0.6864974234234197 0.816283636792726 0.010479187976350487 0.08059884422644371
1 0.6231563983518172 0.8126057041954161 0.01274563688366726 0.006051484256337573
1 0.6273597466857926 0.867875927069965 0.010304983012326758 0.018961317336524106
1 0.6243767252874874 0.8263224018431141 0.009220247958397607 0.027029963011640915
1 0.6266817872770869 0.8531506487128772 0.01220326935670265 0.01855788505276834
1 0.623969949642264 0.8067559360809565 0.006237226560092424 0.008875510242628337
1 0.6260038278683812 0.7986872904058397 0.0037965726887518514 0.011296103945163338
1 0.6249190928144521 0.8729188306169129 0.01844049591679507 0.00806864567511667
1 0.6201733769535122 0.8656570495093079 0.019796414734206635 0.004841187405070002
1 0.6165123961465013 0.8160348786073406 0.004881307742681073 0.003227458270046668
1 0.8483745139238521 0.7825499990556065 0.007050777850539305 0.008068645675116812
1 0.8517643109673806 0.8033267616690319 0.006779594087057035 0.01734758820150077
1 0.8575947618822497 0.8178503238842418 0.0054236752696456845 0.006858348823848956
1 0.8616625183344838 0.8321721699575738 0.0054236752696456845 0.006454916540093336
1 0.8624760696249308 0.8626313073811391 0.007050777850539447 0.0116995362289191
1 0.8702048068841758 0.8666656302186976 0.004067756452234335 0.012506400796430768
1 0.8608489670440369 0.8624295912392612 0.004338940215716462 0.02420593702535001
1 0.8616625183344837 0.8479060290240514 0.0037965726887519225 0.01855788505276834
1 0.8524422703760862 0.7950563998520372 0.009762615485362005 0.022592207890326677
1 0.8539337810752382 0.7488634033619942 0.005694859033128643 0.007665213391360897
1 0.854204964838721 0.7583440620302565 0.006779594087057035 0.005648051972581669
3 0.7595618313834049 0.9638928106038531 0.011660901829738037 0.015733859066477576
3 0.7700024062774726 0.9864850184941798 0.02820311140215722 0.016540723633989105
3 0.7926462505282433 0.9634893783200976 0.007864329140986115 0.010085807093895909
3 0.8120358896172263 0.9868884507779356 0.01464392322804315 0.0116995362289191
3 0.8200358106399536 0.9806352503797203 0.021423517315100185 0.028240259862908203
3 0.9039671854377197 0.8396356672070567 0.008135512904468385 0.010085807093895767
3 0.900306204630709 0.8531506487128772 0.006237226560092495 0.008068645675116812
3 0.9069502068360248 0.8698930884887441 0.012474453120184848 0.013313265363942435
3 0.9244415595806319 0.8587987006854587 0.006779594087057035 0.025012801592861678
3 0.9247127433441144 0.8440734223283709 0.00406775645223405 0.015733859066477295
3 0.9099332282343301 0.8713051014818899 0.01464392322804315 0.02178534332281501
3 0.918611108665763 0.8670690625024534 0.01627102580893677 0.01250640079643091
3 0.9076281662447306 0.8343910475182309 0.008949064194915337 0.010085807093895909
3 0.7431552136927269 0.7545114553345761 0.015186290755007548 0.058497681144595644
3 0.740443376057904 0.7204214273572082 0.007050777850539305 0.016944155917744865
3 0.7493924402528193 0.7343398411467845 0.007593145377503846 0.015733859066477437
3 0.7488500727258547 0.7555200360439656 0.01301682064714953 0.008875510242628337
3 0.754002564232018 0.7773053793667806 0.0021694701078583023 0.004841187405070002
3 0.7450535000371028 0.7875929026025542 0.010304983012326544 0.0028240259862907634
1 0.7126470403009703 0.9921330704667614 0.005152491506163272 0.008472077958872433
1 0.7131570309944828 0.9877380393230419 0.005741886939382965 0.009093139378418585
1 0.715750141225172 0.9800226483352928 0.0035192210273638125 0.006337642597079593
1 0.7158427523048394 0.9764405025195522 0.002222665912019437 0.007439841309615076
1 0.7273265261836056 0.9812626218868954 0.0022226659120192947 0.0016532980688032238
1 0.7297344142549598 0.9859469664151718 0.0033339988680288002 0.00330659613760659
1 0.7200102508898756 0.9939379070810546 0.006112331258052848 0.00551099356267784
1 0.7302900807329646 0.9943512315982553 0.0033339988680289425 0.0030310464594730034
1 0.6657401582047391 0.8731093732193423 0.00759410853273252 0.0046843445282762275
3 0.9348944109937696 0.846243279601288 0.01240988467544085 0.018737378113104768
3 0.9407289090128202 0.8396300873260749 0.009261107966746777 0.02479947103205021
3 0.9518422385729164 0.841283385394878 0.009631552285416803 0.011573086481623562
3 0.9388766874194707 0.8141417420986895 0.007038442054727625 0.014053033584828541
3 0.9497121837405644 0.7943021652730492 0.008705441488742168 0.012399735516025032
3 0.9656412894433691 0.7853468007336977 0.024264102872876663 0.02810606716965694
3 0.9804590621901642 0.7774936349068815 0.024264102872876805 0.040505802685682255
3 0.9852748383328724 0.7976087614106558 0.024634547191546688 0.01791072907870287
3 0.9918502249892626 0.7755647871599445 0.012224662516105838 0.03664810719180792
1 0.9429515749248393 0.8878512809995057 0.006667997736057743 0.006613192275213464
1 0.949804794820232 0.89487779779192 0.0029635545493590597 0.008542040022150558
1 0.9475821289082128 0.8823402874368278 0.004074887505368707 0.007164291631481206
1 0.954527959883273 0.8186883117878986 0.005741886939382965 0.004408794850142215
1 0.9640669010890222 0.8197905105004343 0.008520219329407013 0.012124185837891446
1 0.9760137303661256 0.8215815834083046 0.008705441488742026 0.007990940665882818
1 0.9835152278191904 0.8248881795459111 0.002222665912019153 0.0068887419533473345
1 0.9675861221163862 0.8349457427977984 0.0025931102306891774 0.009919788412820197
1 0.9645299564873596 0.8578163660829113 0.002778332390023905 0.0038576954938746156
1 0.9757358971271234 0.855749743496907 0.0033339988680289425 0.006337642597079451
1 0.9704570655860775 0.8602963131861165 0.005000998302043484 0.00551099356267784
1 0.9694473781219379 0.893569275446008 0.009816774444751906 0.007164291631481364
1 0.9698087880284052 0.8946022481137862 0.004074887505368707 0.004133245172008486
1 0.9720314539404246 0.8904690029417779 0.01222466251610598 0.0063376425970797364
1 0.9833300056598557 0.9021798642624681 0.005556664780048095 0.008266490344016972
1 0.9906462809535855 0.8981843939295269 0.003889665346033837 0.006337642597079451
1 0.9965733900523037 0.8963933210216564 0.0035192210273636703 0.006613192275213464
1 0.9763841746847955 0.9105841294455519 0.0068532198953927545 0.0068887419533473345
1 0.9923132803876001 0.915268473973828 0.00314877670869393 0.0041332451720086285
1 0.9968512232913059 0.9137529507440917 0.002963554549358918 0.007715390987749089
1 0.9969438343709734 0.9017665397452671 0.0027783323900240475 0.002479947103204978
1 0.9889792815195713 0.9049353610438069 0.002778332390023905 0.003306596137606874
1 0.9977773340879807 0.9081041823423468 0.0033339988680289425 0.006337642597079451
1 0.9911093363519231 0.9109974539627527 0.002222665912019153 0.006613192275213322
1 0.97805117411881 0.9061753345954097 0.006482775576722872 0.006888741953347477
1 0.9792551181544872 0.9623874689347238 0.015188217065464898 0.018461828434970896
1 0.9876827264042268 0.9531565547172383 0.01092810740076132 0.013777483906694669
1 0.9744393420117785 0.9611474953831213 0.010001996604086827 0.017635179400569287
2 0.9959251124946313 0.9650051908769955 0.005927109098717836 0.00826649034401683
2 0.6330219805376912 0.9373163870016822 0.012670270097886897 0.04833243153645823
2 0.5613013156152014 0.8873001816432378 0.00314877670869393 0.0011021987125356247
2 0.6894750498749778 0.9691384360490041 0.005741886939382965 0.0016532980688035081
2 0.627425626497774 0.9691384360490041 0.0035192210273638836 0.004408794850142215
2 0.4174763088916227 0.9122374275143552 0.004815776142708401 0.007439841309615076
2 0.4173836978119552 0.9240860636741126 0.00314877670869393 0.01074643744722195
2 0.4169206424136179 0.93593469983387 0.0033339988680289425 0.006337642597079593
2 0.4142349211032613 0.9571520250501797 0.002407888071354165 0.015155232297364308
2 0.41275314382858186 0.8343946434415307 0.003148776708694001 0.008817589700284572
2 0.4200694191223118 0.874349346770945 0.004445331824038518 0.04188355107635161
2 0.6045506898199092 0.8076663246625432 0.008149775010737059 0.018186278756837027
2 0.5910294721884588 0.7911333439745093 0.0033339988680288713 0.007164291631481348
3 0.4917503947849326 0.8682872538519993 0.004815776142708401 0.00826649034401683
3 0.4913799504662626 0.8600207635079826 0.0033339988680288713 0.007715390987749089
3 0.4924912834222722 0.8540964454281038 0.002222665912019224 0.010746437447221667
3 0.5188854411275009 0.8273681266491164 0.007964552851402261 0.005235443884543969
3 0.5128657209491155 0.8275059014881835 0.005927109098717977 0.0038576954938744734
3 0.49767750388365045 0.841007835716744 0.004445331824038377 0.0022043974250712493
3 0.5025858911060263 0.8390789879698067 0.0027783323900239763 0.0049598942064100985
3 0.5059198899740552 0.8335679944071288 0.00314877670869393 0.004959894206409956
1 0.45498379615694745 0.8529942467155683 0.017966549455488943 0.012399735516025174
1 0.45887346150298114 0.8674606048175976 0.02204143696085751 0.020941775538175875
1 0.4486862427395596 0.8827536119540287 0.009446330126081861 0.012399735516025316
1 0.4585030171843117 0.8685628035301346 0.01944832673016773 0.041332451720084144
1 0.46461534844236424 0.8699405519208027 0.014632550587460002 0.015430781975497894
1 0.4356280805064465 0.8346701931196644 0.004445331824038589 0.003306596137606732
1 0.4482231873412223 0.838527888613539 0.00629755341738786 0.006613192275213322
1 0.4377581353387983 0.840870060877677 0.005741886939383108 0.005235443884544111
1 0.4373876910201285 0.8507898492904971 0.004630553983373318 0.008542040022150843
1 0.44127735636616205 0.8540964454281038 0.006112331258052919 0.006337642597079451
1 0.4494271313768994 0.8456921802450202 0.00796455285140233 0.010470887769087937
1 0.4536872410416029 0.8477588028310242 0.010187218763421555 0.0090931393784183
1 0.4638744598050245 0.8884023803557736 0.005371442620713154 0.015430781975498036
1 0.4705424575410822 0.8977710694123258 0.002407888071354165 0.0038576954938746156
1 0.47322817885143886 0.8996999171592631 0.0018522215933494124 0.003306596137606874
1 0.479988787667164 0.8911578771371126 0.0016669994340145421 0.009919788412820055
1 0.4835080086945278 0.9030065132968699 0.007594108532732378 0.007164291631481206
1 0.48508239704887485 0.9019043145843344 0.007038442054727767 0.015981881331765778
1 0.4872124518812265 0.9187128449505017 0.00611233125805299 0.00826649034401683
1 0.5038824462213709 0.9214683417318406 0.005371442620713083 0.006062092918945439
1 0.5056420567350528 0.9348325011213344 0.005927109098717977 0.0068887419533473345
1 0.5191632743665032 0.9200905933411713 0.004445331824038518 0.0038576954938746156
1 0.5280539380145801 0.9560498263376442 0.006667997736057743 0.013501934228560799
1 0.520274607322513 0.9616985947393891 0.008520219329407155 0.007164291631481346
1 0.39543487193076543 0.8491365512216943 0.009631552285416803 0.010746437447221808
1 0.4001580369938062 0.8545097699453048 0.01907788241149845 0.010470887769087937
1 0.39830581540045673 0.838665663452606 0.007594108532732378 0.022319523928845227
1 0.40238070290582534 0.845967729923154 0.008705441488742026 0.013777483906694811
1 0.4045107577381771 0.8207549343739028 0.004815776142708401 0.0068887419533473345
1 0.39293437277974347 0.8029819801342668 0.006482775576722801 0.013777483906694811
1 0.4049738131365144 0.7988487349622582 0.01574388354346972 0.009919788412820055
1 0.41377186570492397 0.799813158835727 0.010372440922756425 0.02231952392884537
1 0.4082152009248759 0.8130395433861537 0.005186220461378284 0.012950834872292916
1 0.4002506480734736 0.830399173108589 0.006667997736057672 0.02121732521630989
1 0.39293437277974347 0.8637406841627899 0.00648277557672273 0.009644238734686183
1 0.400713703471811 0.8525809221983675 0.016484772180809414 0.02479947103205035
1 0.4037698691008373 0.8702161015989366 0.01407688410945525 0.013226384550426929
1 0.3938604835764182 0.8980466190904598 0.0068532198953927545 0.020941775538175875
1 0.39423092789508807 0.9166462223644976 0.00759410853273252 0.009093139378418442
1 0.39673142704610975 0.8992865926420623 0.00629755341738786 0.022870623285113113
1 0.4026585361448277 0.8833047113102966 0.010372440922756425 0.014604132941096424
1 0.4536450889020095 0.8129338792609612 0.008334997170072187 0.023860835938508945
1 0.4478527430225524 0.8053241523984049 0.008520219329407013 0.007990940665882818
1 0.4362763580641189 0.8155194904893588 0.004630553983373389 0.006888741953347193
1 0.4406290788084899 0.8182749872706978 0.00629755341738786 0.004133245172008344
1 0.4213659742376565 0.8075285498234763 0.0029635545493589886 0.004133245172008486
1 0.421273363157989 0.7977465362497227 0.0072236642140624955 0.0038576954938746156
2 0.5887954934507346 0.7585953338395036 0.0675500391675383 0.005235443884543957
0 0.5442608769563871 0.7976087614106558 0.008705441488742097 0.015155232297364023
0 0.5389820454153414 0.7773558600678147 0.007038442054727554 0.009919788412820055
0 0.546020487470069 0.7712937671488692 0.007038442054727696 0.013777483906694527
0 0.555281595436816 0.8044975033640032 0.008890663648076896 0.0068887419533473345
0 0.570284590342946 0.8022931059389322 0.01889266025216365 0.016257431009899646
0 0.5796383093893601 0.807528549823476 0.01574388354346972 0.00743984130961536
0 0.494621338254624 0.7622006277704506 0.021300548323517816 0.012675285194159187
0 0.43655419130312123 0.7537963625873668 0.01074288524142638 0.012399735516025316
0 0.4730429566921039 0.7586184819547099 0.025931102306891135 0.015430781975497894
0 0.49119472830692773 0.7847957013774298 0.016299550021474332 0.02204397425071136
0 0.5212007181191877 0.8010531323873294 0.005556664780048095 0.012675285194159044
0 0.46609712571704376 0.8292969743960534 0.013150773312780544 0.014604132941096424
0 0.48184100926051343 0.8517542731639657 0.005000998302043271 0.013777483906694811
0 0.48267450897752084 0.8404567363604764 0.0033339988680289425 0.011573086481623562
2 0.4535946299619355 0.9087930565376817 0.021856214801522496 0.018186278756837027
2 0.40089892563114593 0.9962800793451941 0.011298551719430642 0.004684344528276281
2 0.42173641855632626 0.9961423045061255 0.014817772746794943 0.007715390987749089
2 0.4284970273720514 0.9170595468816984 0.0072236642140624955 0.011573086481623562
2 0.4498901867752367 0.9422723424309493 0.02370843639487191 0.026177219422719843
2 0.43460935863010436 0.9448900643732214 0.020559659686178053 0.023146172963247124
2 0.4461857435885379 0.959218647636184 0.027412879581570734 0.02259507360697924
2 0.42738569441604185 0.9549476276251085 0.006853219895392612 0.019564027147506522
1 0.5290726598909222 0.9264282359382507 0.007594108532732307 0.006062092918945723
1 0.5145327203831297 0.9400679450058783 0.0037044431866986825 0.0030310464594727193
1 0.5360184908659824 0.9578408992455144 0.00481577614270833 0.011021987125355822
1 0.5376854902999969 0.9348325011213344 0.007038442054727625 0.009644238734686183
1 0.3650584377998355 0.7657827735861912 0.005186220461378284 0.00495989420641024
1 0.36811460342886193 0.7751514626427436 0.007223664214062567 0.008817589700284572
1 0.3727451574122354 0.8028442052952 0.0038896653460336944 0.014604132941096281
1 0.3897855960710496 0.7984354104450574 0.00463055398337346 0.01184863615975715
1 0.38293237617565695 0.794991039468384 0.00944633012608179 0.0049598942064100985
1 0.3836732648129967 0.8010531323873294 0.0042601096647035775 0.013777483906694527
1 0.37728310031594137 0.8377012395791371 0.0081497750107372 0.05015004142036858
1 0.3822840986179847 0.8554741938187732 0.011854218197436026 0.02562612006645182
1 0.3834880426536617 0.876967068713217 0.01240988467544078 0.009644238734686325
1 0.3887668741947074 0.9045220365266061 0.011854218197435954 0.03444370976673653
1 0.39015604038971946 0.9224327656053092 0.008334997170072142 0.012950834872292916
1 0.31671545421341685 0.9045220365266062 0.016299550021474474 0.025626120066452245
1 0.32542089570215893 0.886886857126037 0.010372440922756425 0.01956402714750638
1 0.3281066170125156 0.8769670687132171 0.003889665346033766 0.01735962972243513
1 0.2843941874094703 0.9384146469370751 0.019818771048838286 0.018461828434970896
1 0.3138445107437253 0.9130640765487569 0.023523214235537004 0.020666225860042006
1 0.30967701215868926 0.9315259049837278 0.009631552285416732 0.00799094066588296
1 0.28791340843683416 0.9309748056274597 0.011298551719431166 0.012950834872292916
1 0.29782279396125333 0.9120996526752885 0.012224662516105872 0.008817589700284572
1 0.3595017730197874 0.9424101172700164 0.030746878449599536 0.024248371675782608
1 0.36765154803052463 0.9250504875475812 0.007038442054727625 0.021492874894443615
1 0.36024266165712815 0.9447522895341605 0.046675984152406175 0.01460413294109641
1 0.3845993756096719 0.9448900643732216 0.005371442620712529 0.007164291631481215
1 0.3451470556713298 0.9331792030525312 0.009075885807411978 0.015155232297364166
1 0.36709588155251976 0.9304237062711921 0.014817772746794943 0.015155232297364023
1 0.385710708565681 0.9078286326642129 0.01870743809282871 0.0085420400221507
0 0.35153722016838507 0.8517542731639657 0.024449325032211675 0.015430781975497894
0 0.35320421960239956 0.841283385394878 0.022967547757532215 0.015981881331765778
0 0.35626038523142595 0.8288836498788527 0.01722566081814904 0.01708408004430126
0 0.3600574394977922 0.8211682588911038 0.015188217065464827 0.019288477469372508
0 0.36098355029446694 0.8090440730532122 0.008149775010737272 0.015430781975498178
0 0.385710708565681 0.7488364683809567 0.008334997170072142 0.012399735516025174
0 0.39589792732910256 0.7499386670934923 0.009075885807411907 0.0090931393784183
0 0.402102869666823 0.7564140845296388 0.005186220461378284 0.0170840800443014
0 0.41451275434226376 0.7539341374264339 0.013706439790785367 0.008817589700284572
0 0.42312558475133827 0.7495253425762916 0.011298551719431203 0.0055109935626776975
0 0.42664480577870206 0.7615117535751159 0.007594108532732449 0.0046843445282762275
0 0.4354428583471116 0.7593073561500446 0.013706439790785438 0.011297536803489407
0 0.3834880426536617 0.7599962303453793 0.004260109664703506 0.00551099356267784
2 0.3767274338379365 0.720179301855032 0.010372440922756567 0.013501934228560799
2 0.40506642421618194 0.6835311946632242 0.024078880713541865 0.026728318778987584
2 0.4520202416075885 0.7244503218661075 0.08501697113473604 0.020941775538175732
2 0.4695237356647401 0.7076417914999399 0.010372440922756496 0.01928847746937265
2 0.4645227373626967 0.6782957507786803 0.008520219329407084 0.021768424572577487
2 0.42933052708905867 0.6838067443413581 0.01889266025216358 0.01956402714750638
2 0.44757490978354997 0.686837790800831 0.008705441488742097 0.0068887419533473345
2 0.44099952312715973 0.7114994869938143 0.018522215933493697 0.02204397425071136
2 0.4811001206231736 0.6485363855402199 0.011298551719431203 0.015706331653631906
2 0.48443411949120246 0.6810512475600192 0.010557663082091438 0.01129753680348955
2 0.496195726608971 0.655838452010768 0.012224662516105838 0.012124185837891304
2 0.5098095553200889 0.6805001482037514 0.01611432786213953 0.016257431009899646
2 0.49128733938659525 0.6940020824323122 0.012039440356770896 0.009644238734686325
2 0.4844341194912025 0.7109483876375466 0.01426210626879012 0.013226384550426786
2 0.5041602794603733 0.7232103483145049 0.0077793306920673185 0.016808530366167532
2 0.5136066095864551 0.713015010223551 0.011113329560096261 0.02507502071018422
2 0.4171058645729528 0.6693403862393288 0.011113329560096261 0.014328583262962269
2 0.4084930341638783 0.6315900803349855 0.014632550587460002 0.010470887769088008
2 0.440443856649155 0.6471586371495505 0.009261107966746849 0.01129753680348955
2 0.4579473507063065 0.6438520410119437 0.00796455285140233 0.015155232297364237
2 0.4720242348157618 0.6264924112895085 0.007223664214062567 0.00854204002215063
2 0.48702722972189166 0.6314523054959185 0.009446330126081719 0.01791072907870287
2 0.31004745647735915 0.692073234685375 0.024819769350881524 0.023972821997648736
2 0.3085656792026802 0.7159082818439577 0.020374437526843082 0.03692365686993979
2 0.32088295279845297 0.7250014212223752 0.007964552851402296 0.009368689056552313
2 0.3194011755237735 0.7153571824876889 0.006482775576722872 0.018186278756836885
2 0.3134740664250555 0.6878022146742997 0.015002994906129885 0.03086156395099607
2 0.39210087306273633 0.6707181346299983 0.01259510683477572 0.01653298068803366
2 0.3727451574122354 0.7086062153734085 0.004630553983373389 0.009644238734686183
1 0.2680020263083284 0.9426856669481504 0.018151771614823814 0.006062092918945723
1 0.24790542202048776 0.9530187798781712 0.002778332390024083 0.004684344528276085
1 0.25883352942124904 0.9554987269813765 0.005000998302043271 0.00799094066588296
1 0.26642763795398144 0.9652807405551295 0.010557663082091438 0.006062092918945581
1 0.28615379792315226 0.9654185153941964 0.02111532616418277 0.03168821298539768
1 0.29606318344757143 0.9732716812210126 0.017596105136819026 0.013777483906694527
1 0.3072691240873351 0.9512277069703009 0.008520219329407226 0.00661319227521318
1 0.3242169516664819 0.9353836004776022 0.005371442620713154 0.00799094066588296
1 0.32866228349052035 0.9196772688239705 0.00611233125805299 0.008542040022150558
1 0.3530189974430646 0.961560819900322 0.008890663648076896 0.0090931393784183
1 0.35320421960239956 0.9764405025195524 0.00629755341738786 0.021217325216309747
1 0.356630829550096 0.9706539592787405 0.015002994906129956 0.007990940665883102
1 0.36616977075584795 0.9798848734962279 0.007779330692067387 0.024248371675785054
1 0.38145059890097904 0.9535698792344399 0.015002994906130019 0.020115126503772663
1 0.38589593072501593 0.9658318399113974 0.019077882411498593 0.020941775538175732
1 0.34255394544064066 0.9543965282688408 0.01722566081814918 0.012399735516025032
1 0.33079233832287214 0.9681740121755356 0.010001996604086613 0.007990940665882818
1 0.33884950225394195 0.9798848734962258 0.00796455285140233 0.011021987125355822
1 0.342831778679643 0.9701028599224728 0.004445331824038518 0.01680853036616739
1 0.3475549437426839 0.9933868077247867 0.005741886939383108 0.007164291631481206
1 0.3601500505774597 0.9931112580466527 0.009446330126081719 0.008817589700284288
1 0.3778387667939462 0.9918712844950502 0.006667997736057743 0.012950834872292916
0 0.14242140227924105 0.9050731358828741 0.01148377387876609 0.00964423873468604
0 0.14353273523525065 0.9127885268706228 0.009631552285416732 0.010746437447221808
0 0.14473667927092776 0.920503917858372 0.009075885807411926 0.012399735516025174
0 0.14749024390679188 0.9471998046807176 0.010021655933485207 0.03802585558247745
0 0.16149928469073957 0.8812380887242921 0.02481976935088156 0.011021987125355822
0 0.16335150628408893 0.8896423539073762 0.022226659120192453 0.0085420400221507
0 0.19196832990133672 0.918023970755167 0.029450323334254982 0.02231952392884537
0 0.1654815611164407 0.902042089423401 0.020930104004847898 0.016257431009899646
0 0.1763170574375345 0.9410323688793469 0.024078880713541757 0.024248371675782608
0 0.18622644296195368 0.9629385682909916 0.0057418869393830365 0.012399735516025174
0 0.21706593249122072 0.9497121837405647 0.01259510683477572 0.014053033584828541
0 0.21382454470285933 0.9371746733854727 0.011668996038101015 0.025901669744585975
0 0.207619602365139 0.9196772688239703 0.010742885241426343 0.025626120066452245
0 0.2038225480987728 0.8423855841074136 0.009816774444751673 0.008817589700284572
0 0.2200294870405797 0.8363234911884677 0.009631552285416695 0.00826649034401683
0 0.213176267145187 0.8410078357167439 0.011113329560096261 0.008266490344016688
0 0.20984226827715816 0.8567141673703758 0.007038442054727625 0.0055109935626776975
1 0.10778485848360779 0.8996999171592631 0.017040438658814203 0.013777483906694811
1 0.1047286928545813 0.8855091087353675 0.011298551719431185 0.028932716204058694
1 0.12399179742541482 0.8837180358274973 0.013891661950120291 0.021492874894443615
1 0.12075040963705339 0.8658073067487944 0.018522215933493732 0.0170840800443014
1 0.11287846786531855 0.8349457427977984 0.013521217631450427 0.011021987125355822
1 0.12121346503539072 0.8248881795459111 0.010187218763421537 0.010746437447221808
1 0.1046360817749138 0.8407322860386102 0.021856214801522587 0.007715390987748947
1 0.09463408517082722 0.846243279601288 0.01704043865881422 0.012675285194159044
1 0.09509714056916457 0.8695272274036018 0.007964552851402296 0.01735962972243513
1 0.09926463915420067 0.8877135061604388 0.007038442054727625 0.010195338090953783
1 0.10611785904959334 0.9130640765487569 0.009631552285416732 0.02783051749152321
1 0.11723118860968958 0.8969444203779241 0.013335995472115485 0.014328583262962411
1 0.14149529148256634 0.8642917835190579 0.005556664780048095 0.005235443884543969
1 0.1356607934635158 0.8713183003114722 0.009816774444751654 0.008817589700284288
1 0.13853173693320733 0.8877135061604388 0.004815776142708312 0.003582145815740603
1 0.1236213531067449 0.8948777977919201 0.012039440356770913 0.009093139378418442
1 0.11639768889268236 0.9036953874922046 0.00870544148874206 0.011297536803489692
1 0.12528835254075932 0.9109974539627527 0.0038896653460337126 0.003306596137606732
1 0.13204896135648453 0.9265660107773176 0.007779330692067354 0.01129753680348955
1 0.13501251590584357 0.9366235740292049 0.008520219329407138 0.009919788412820055
1 0.1365869042601905 0.944201190177887 0.007223664214062513 0.0068887419533473345
1 0.13862434801287482 0.9545343031079077 0.004630553983373389 0.011021987125355822
2 0.15149728808665294 0.9920090593341172 0.040748875053686164 0.013226384550426929
2 0.17650227959686948 0.9939379070810546 0.02185621480152257 0.009368689056552313
2 0.20465604781577995 0.99504010579359 0.024819769350881593 0.0005510993562678835
2 0.1873377759179633 0.9929734832075857 0.016484772180809414 0.00799094066588296
2 0.21771421004889302 0.9966934038623934 0.006853219895392683 0.006613192275213464
2 0.13658690426019052 0.9847069928635693 0.021300548323517764 0.015706331653631906
2 0.08166853401738162 0.995728979988925 0.014076884109455224 0.00578654324081171
1 0.009565058113665294 0.9046881143819752 0.016242551513771252 0.012350272502617372
1 0.009204112524470377 0.915695965960395 0.010467422086652585 0.010739367393580182
1 0.008662694140678003 0.9315365328659259 0.007218911783898335 0.009128462284543275
1 0.022920044913877214 0.9025402409032591 0.006136075016313589 0.004832715327111146
1 0.019348599373065167 0.6586204326507458 0.012948979865778601 0.09165140281707453
1 0.060999804573940934 0.6740601996048392 0.0108283676758475 0.011813304132938214
1 0.3138226633309049 0.5444170159908798 0.018047279459745873 0.022015703156839487
1 0.3577973163280467 0.5245243345215729 0.025429427298686608 0.011276335763259428
1 0.2907416720965055 0.5639816838206414 0.0061360750163136045 0.013961177611654208
1 0.30824753317245895 0.5621022945267649 0.020934844173305222 0.008054525545185171
1 0.3087889515562513 0.57015682007195 0.014076877978601736 0.009128462284543275
1 0.3055404412534971 0.5822386083897279 0.008301748551483072 0.012887240872296318
1 0.3008481485939631 0.5851919344229625 0.008301748551483072 0.011276335763259268
1 0.3549899869732006 0.6047912799162464 0.011189313265042458 0.015035114351012312
1 0.36816450097881515 0.5814331558352095 0.009384585319067823 0.014498145981333366
1 0.15033383789968283 0.5038412264165919 0.00469229265953393 0.007517557175506226
1 0.1609817327809329 0.5051836473407895 0.009384585319067842 0.010202399023901307
1 0.17126868207298798 0.5387441704457278 0.03140226625995776 0.046179279792395105
1 0.18354083210561517 0.5094793942982215 0.0198520074057204 0.03382900728977781
1 0.07146722666059352 0.6085500585039995 0.004331347070338998 0.005369683696790091
0 0.08644646861218255 0.7129904064065675 0.043674416292584936 0.017719956199407392
0 0.07886661123908931 0.7323212677150122 0.012633095621822079 0.014498145981333437
0 0.08951450612033937 0.6775504940077528 0.03320699420593235 0.05208593185886414
0 0.14239303493739466 0.6305657616608391 0.01840822504894076 0.024700545005234602
0 0.16134267837012783 0.6007640171436538 0.018047279459745803 0.01771995619940732
0 0.10250854733135636 0.5763319563232588 0.009384585319067842 0.017182987829728377
0 0.10304996571514874 0.5204872458766414 0.014798769156991583 0.015035114351012381
0 0.13409128638591158 0.5349853918579747 0.021295789762500093 0.02255267152651861
0 0.05125427366567818 0.6090870268736785 0.012994041211017002 0.030070228702024762
0 0.05829271265497906 0.6340560560637526 0.006136075016313587 0.013424209241975404
0 0.040967324373623056 0.6045227957314069 0.018408225048940748 0.009128462284543275
0 0.061541222957733316 0.6187524575279008 0.00469229265953393 0.020404798047802545
0 0.09240207083389869 0.6391572555757032 0.00649702060550851 0.024700545005234744
0 0.1109907686774369 0.6031803748072093 0.024183354476059425 0.00429574695743213
0 0.20718276819788223 0.5776743772474563 0.007940802962288131 0.019867829678123384
0 0.18733076079216182 0.5945888808923452 0.0043313470703390065 0.00966543065422222
0 0.1443782356779667 0.6515075280783205 0.01804727945974582 0.009665430654222292
0 0.13481317756430142 0.712721922221728 0.00541418383792374 0.0064436204361481945
2 0.17975090341906858 0.6810407884106663 0.03248510302754251 0.02792235522330856
2 0.19888101964639915 0.670301421017086 0.01660349710296618 0.03543991239881464
2 0.21025080570603905 0.6305657616608391 0.009023639729872919 0.010739367393580253
2 0.2719725014583698 0.6770135256380737 0.022739572119279784 0.033829007289777877
2 0.21079222408983142 0.7154067640701232 0.02310051770847469 0.010739367393580324
2 0.19202305345169576 0.7312473309756542 0.011550258854237327 0.018793892938765423
2 0.2311856498793442 0.7470878978811848 0.018408225048940744 0.012887240872296247
2 0.24255543593898404 0.7137958589610861 0.007940802962288131 0.009665430654222292
2 0.21656735351695008 0.6641262847657774 0.009384585319067823 0.015572082720691468
2 0.23226848664692895 0.6571456959599503 0.009023639729872883 0.01557208272069147
2 0.26168555216631467 0.7202394793972343 0.009384585319067823 0.020404798047802614
2 0.27702573970709865 0.7411812458147158 0.011189313265042421 0.019330861308444584
2 0.2721529742529672 0.737690951411802 0.013715932389406903 0.01020239902390145
2 0.21999633661430182 0.7672242117441478 0.011911204443432234 0.02094176641748163
2 0.24183354476059424 0.7658817908199503 0.007218911783898321 0.02040479804780233
2 0.16188409675392015 0.6971498395010366 0.01118931326504244 0.012887240872296247
2 0.17938995782987363 0.7339321728240491 0.01732538828135599 0.00698058880582721
1 0.18462366887319995 0.49524973250172777 0.012633095621822115 0.01933086130844451
1 0.1665763894134541 0.4536346838516042 0.018408225048940744 0.023089639896197695
1 0.15989889601334814 0.43913653787027085 0.008662694140678013 0.024163576635555586
1 0.15448471217542437 0.4251753602586166 0.01515971474618647 0.00698058880582721
1 0.158274640861971 0.45605104151515974 0.01913011622733057 0.012887240872296318
1 0.044937725854767144 0.4828994599991104 0.03284604861673743 0.02792235522330877
1 0.027792810368008593 0.4960551850562463 0.018769170638135678 0.013424209241975262
1 0.3329723060323107 0.33362225322834477 0.05305900161165276 0.02255267152651861
1 0.31727117290233187 0.3446301048067646 0.044757253060169616 0.023089639896197552
1 0.3138421898049801 0.3602021875274561 0.03356793979512723 0.011276335763259251
1 0.30713083751875253 0.374121637990797 0.020212952994915375 0.019330861308444497
1 0.32666358652144184 0.40852253337651645 0.06266703092159023 0.022469066303962816
1 0.3397680241890255 0.41679085725259263 0.057751294271186596 0.025774481744592796
1 0.3721349024599593 0.4219535500405424 0.023822408886864467 0.032755070550419846
1 0.3317089964701285 0.43591472765219685 0.009384585319067894 0.023089639896197552
1 0.3456054016541328 0.44772803178513515 0.02634902801122891 0.014498145981333366
1 0.36058464360572173 0.42087961330118445 0.01876917063813572 0.0359768807684938
1 0.366540245827438 0.4675958614632585 0.016964442692161158 0.016646019460049358
1 0.3762857767357008 0.44558015830641906 0.003970401481144066 0.008054525545185171
1 0.3910845458926923 0.42812868629185113 0.010467422086652576 0.031144165441382796
1 0.36744260980042526 0.37980153302074 0.008662694140677942 0.02899629196266673
1 0.3753834127627135 0.4087978249834066 0.018769170638135647 0.021478734787160576
1 0.2333513234145137 0.464105567060345 0.008301748551483072 0.036513849138172884
1 0.26764115438803077 0.4404789587944684 0.01696444269216105 0.023626608265876498
1 0.28388370590180206 0.4192687081921474 0.009023639729872954 0.01771995619940746
1 0.29466439869883987 0.4550860620669518 0.007940802962288168 0.0209417664174815
1 0.26385122570148417 0.4581989149938759 0.016603497102966144 0.022552671526518537
1 0.2190939726413145 0.5006194161985179 0.012272150032627174 0.010739367393580324
1 0.23966787122542477 0.48504733347782664 0.012272150032627174 0.012887240872296247
1 0.22865903075497976 0.5038412264165918 0.004692292659533912 0.007517557175506085
1 0.23840456166324253 0.49927699527432035 0.006136075016313569 0.008054525545185242
1 0.2432773271173739 0.4587358833635548 0.007940802962288168 0.009665430654222292
1 0.24833056536610276 0.43806260113091283 0.005053238248728818 0.0080545255451851
1 0.20898749614385678 0.46464253543002415 0.01010647649745767 0.010739367393580182
0 0.08789025096896223 0.36745126051812266 0.013354986800211925 0.025774481744592636
0 0.09222159803930122 0.38919847949012265 0.0147987691569916 0.019867829678123526
0 0.09962098261779703 0.405844498950172 0.022378626530084843 0.019867829678123457
0 0.10250854733135636 0.42973959140088824 0.005053238248728835 0.022552671526518468
0 0.10990793190985211 0.35134220942775235 0.024905245654449272 0.02362660826587657
0 0.1395054702238353 0.3607391558971351 0.011189313265042404 0.031681133811061815
0 0.11622447972076319 0.37228397584523376 0.018047279459745838 0.015035114351012381
0 0.1326475040291319 0.4082608566137276 0.019852007405720417 0.015035114351012381
0 0.14816816436451333 0.3816809223146165 0.013354986800211943 0.015572082720691327
0 0.15989889601334814 0.3728209442149128 0.009384585319067806 0.010739367393580253
0 0.22577146604142043 0.3784591120965425 0.019852007405720434 0.027385386853629613
0 0.2690849367448105 0.3738948809542708 0.014798769156991583 0.03329203892009879
0 0.21277742483040346 0.3891984794901226 0.027792810368008604 0.01771995619940732
2 0.026890446395021302 0.2026019710266656 0.019130116227330594 0.01718298782972841
2 0.019130116227330587 0.2238122216289866 0.015159714746186506 0.013424209241975299
2 0.031402266259957755 0.29683991990533243 0.01660349710296617 0.028459323592987716
2 0.0481862361575214 0.2530769977764928 0.014798769156991591 0.016109051090370415
2 0.007399384578495795 0.23884733597999894 0.011911204443432254 0.020941766417481487
2 0.005775129427118668 0.2858320683269126 0.007218911783898334 0.05262290022854327
2 0.019491061816525507 0.30516292963535696 0.012994041211017004 0.03436597565945689
2 0.01876917063813567 0.34060284203417196 0.01876917063813567 0.02362660826587657
2 0.042952525114195096 0.3400658736644928 0.013715932389406832 0.01825692456908648
2 0.04168921555201289 0.35751734567906085 0.01552066033538142 0.017719956199407392
2 0.031943684643750136 0.278582995336246 0.014798769156991591 0.02845932359298768
0 0.05486372955762734 0.1591075330826655 0.01299404121101701 0.027922355223308663
0 0.07236959063358082 0.17333719487915936 0.01552066033538143 0.01986782967812349
0 0.05775129427118669 0.1864929199362952 0.010828367675847508 0.018256924569086442
0 0.06839918915243672 0.19803773988439397 0.01913011622733058 0.02201570315683952
0 0.06785777076864434 0.2114619491263693 0.012272150032627166 0.010202399023901272
0 0.0667749340010596 0.22273828488962852 0.00649702060550851 0.02201570315683952
0 0.0398844876060383 0.1706523530307643 0.030680375081567925 0.019867829678123457
0 0.0741743185795554 0.11427067421446789 0.012633095621822087 0.04242050120464203
0 0.11441975177478861 0.1306482094896778 0.03898212363305102 0.03329203892009879
0 0.12723332019120817 0.11588157932350494 0.03789928686546627 0.02201570315683954
0 0.1227215003262717 0.1639402484097766 0.015159714746186506 0.025774481744592636
0 0.09456774436906819 0.16716205862785072 0.01010647649745767 0.04832715327111117
3 0.14907052833750062 0.1663566060733322 0.007940802962288149 0.015572082720691344
3 0.15881605924576342 0.14460938710133214 0.009384585319067842 0.012887240872296302
3 0.1487095827483057 0.18837230923017173 0.008662694140677996 0.020941766417481526
3 0.14528059965095397 0.21844253793219642 0.006136075016313587 0.00912846228454324
3 0.14022736140222516 0.23106129461965325 0.003970401481144066 0.007517557175506156
1 0.20261323799254058 0.2931426755487775 0.048980681571990224 0.017060618633998718
1 0.16260598793231001 0.3022096036021225 0.014798769156991565 0.02845932359298775
1 0.13156466726154717 0.30435747708083855 0.00974553090826273 0.022015703156839556
1 0.14690485480233112 0.2820732897391595 0.012994041211017002 0.030070228702024762
1 0.14672438200773366 0.2571042605490854 0.006857966194703416 0.01664601946004943
1 0.169283481332416 0.180586267869826 0.010828367675847517 0.02147873478716054
1 0.18480414166779738 0.16420873259461616 0.02670997360042385 0.020941766417481526
1 0.18696981520296688 0.14863664987392475 0.015159714746186524 0.031681133811061774
1 0.18805265197055163 0.14944210242844325 0.010106476497457636 0.05477077370725933
1 0.17704381150010667 0.17548506835787542 0.00974553090826273 0.016646019460049396
1 0.34235567822502105 0.2915109468588292 0.03038544801018945 0.023654491441107567
1 0.33928885384322177 0.31536532865925837 0.023100517708474655 0.032218102180740865
1 0.3028333493345352 0.3113380658866657 0.012272150032627138 0.016646019460049396
1 0.32990426852415394 0.32744711697703616 0.03537266774110183 0.041346564465283994
1 0.2829813419288147 0.32127198072572744 0.011550258854237327 0.011813304132938322
1 0.29651680152362414 0.34409313643708545 0.016242551513771204 0.020941766417481487
0 0.18480414166779738 0.23116488314681516 0.040425905989830715 0.0434944379440001
0 0.22613241163061537 0.09423794887866681 0.009023639729872919 0.027385386853629665
0 0.24652583742012815 0.06658407784019764 0.01660349710296611 0.02147873478716053
0 0.22107917338188654 0.12565059850488908 0.008301748551483072 0.02792235522330868
0 0.2550080587662087 0.14900872258592612 0.012633095621822044 0.01879389293876546
0 0.22360579250625098 0.18928135031185214 0.012633095621822079 0.016646019460049396
0 0.19617392772743728 0.10068156931481498 0.011911204443432234 0.020941766417481526
0 0.2513986028742595 0.0902106861060742 0.009023639729872919 0.020404798047802472
0 0.2772062125016961 0.09047917029091374 0.0072189117838983565 0.016646019460049413
3 0.16946395412701343 0.04644776397723463 0.011911204443432268 0.006980588805827175
3 0.17054679089459818 0.05638167881629638 0.004692292659533912 0.007517557175506182
3 0.18769170638135674 0.07410163501570381 0.003609455891949125 0.0042957469574321115
3 0.16693733500264898 0.13531602915911134 0.004692292659533912 0.010739367393580234
2 0.2705287191015901 0.04779018490143216 0.016964442692161085 0.008591493914864214
2 0.310150277266724 0.05598676934743667 0.022378626530084843 0.005369683696790144
1 0.3719544296653618 0.12001243062325945 0.06677493400105966 0.013424209241975316
1 0.3733982120221414 0.14417600725881502 0.012633095621822079 0.03919869098656793
1 0.3918064370710821 0.13236270312587675 0.024183354476059408 0.01557208272069138
1 0.41075608050381535 0.13826935519234587 0.009384585319067823 0.02416357663555557
1 0.3912650186872898 0.16296990019758048 0.01949106181652546 0.005906652066469143
1 0.37051064730858213 0.16914503644888915 0.020573898584110212 0.010739367393580253
1 0.3542680957948108 0.15947960579466688 0.00613607501631364 0.011813304132938266
1 0.35571187815159033 0.12323424084133354 0.011189313265042458 0.020941766417481508
1 0.4042590598983068 0.18874438194217313 0.011550258854237327 0.02094176641748156
1 0.42158444817966284 0.20190010699930894 0.018047279459745907 0.030070228702024727
1 0.4297057239365483 0.2005576860751114 0.01335498680021196 0.023089639896197552
1 0.42681815922298916 0.16162747927338292 0.0075798573730931915 0.007517557175506156
1 0.43421754380148486 0.1318257347561977 0.010828367675847517 0.014498145981333348
1 0.44468496588813744 0.13746390263782737 0.0043313470703390065 0.011813304132938286
1 0.438187945282629 0.15733173231595082 0.002887564713559385 0.008591493914864223
1 0.4464896938341121 0.16404383693693853 0.009384585319067894 0.011276335763259286
1 0.44847489457468415 0.15035114351012369 0.003970401481144066 0.011813304132938303
1 0.39866440326578556 0.21935157901387684 0.009023639729872954 0.008054525545185208
1 0.4199601930282855 0.31976466414385235 0.011189313265042387 0.010202399023901272
1 0.43421754380148486 0.31171013859866714 0.009384585319067823 0.010202399023901236
1 0.44576780265572225 0.30634045490187695 0.008662694140677942 0.011276335763259305
2 0.39631825693601863 0.34312278822488934 0.0043313470703390065 0.01933086130844451
2 0.425181661546594 0.3597392782285067 0.007218911783898243 0.025237513374913745
2 0.44360212912055275 0.37104514344819806 0.010106476497457707 0.015035114351012312
2 0.4205016114120779 0.3670178806756056 0.017325388281355956 0.020941766417481487
2 0.040967324373623056 0.06336226762212355 0.006136075016313578 0.025774481744592636
2 0.04042590598983068 0.08698887588800013 0.005053238248728835 0.01073936739358027
2 0.04367441629258492 0.1307517980168397 0.009384585319067834 0.011276335763259286
2 0.0525175832278604 0.1184015255142224 0.006136075016313587 0.012350272502617301
2 0.03505286208635871 0.10804012894479058 0.006136075016313583 0.027385386853629713
1 0.03916259642764847 0.11195790507807424 0.00541418383792375 0.008054525545185208
1 0.034109358178919635 0.12511363013521007 0.004692292659533921 0.006443620436148176
0 0.01570113312997888 0.09370098050898779 0.01335498680021192 0.01986782967812349
0 0.023280990503072117 0.07114830898246924 0.007579857373093251 0.016646019460049438
0 0.004150874275741543 0.0775919294186174 0.005414183837923752 0.012350272502617301
0 0.008121275756885626 0.11034699996903723 0.01118931326504242 0.010202399023901253
0 0.01371593238940684 0.12296575665649401 0.005775129427118666 0.010739367393580253
0 0.015340187540783963 0.10470883208740756 0.009023639729872917 0.02040479804780249
0 0.02923659272478826 0.05289138441338279 0.005775129427118659 0.009128462284543221
0 0.19238399904089065 0.047253216531753156 0.012994041211016948 0.006443620436148159
0 0.0030680375081567923 0.04671624816207414 0.0032485103027542505 0.012887240872296318
0 0.014798769156991586 0.044568374683358086 0.007940802962288168 0.007517557175506196
1 0.45858137107214175 0.30123925538992635 0.012633095621822079 0.009665430654222184
1 0.5159317443443376 0.28130401712969827 0.028514701546398447 0.010202399023901298
1 0.49485640278623094 0.286204141038914 0.023822408886864536 0.009665430654222255
1 0.4663417012398325 0.2956010875082967 0.012272150032627138 0.012350272502617337
1 0.47897479686165456 0.28835201451763004 0.012272150032627209 0.0075175571755061905
1 0.45443049679640024 0.20136313862962993 0.005053238248728818 0.006443620436148159
1 0.46201035416949354 0.19733587585703738 0.00649702060550851 0.008054525545185208
1 0.47013162992637914 0.19223467634508673 0.009745530908262766 0.010739367393580253
1 0.4558742791531799 0.14847175421624711 0.005775129427118699 0.00590665206646916
1 0.46219082696409103 0.14632388073753108 0.003248510302754326 0.005906652066469143
1 0.46706359241822243 0.16135899508854343 0.003609455891949196 0.008054525545185208
1 0.5686697757765914 0.1479347858465681 0.03501172215190685 0.023089639896197552
1 0.5950188037878203 0.12538211432004956 0.022739572119279784 0.02416357663555557
1 0.6072909538204475 0.15061962769496318 0.014076877978601843 0.01664601946004943
1 0.572820650052333 0.13424209241975327 0.02598808242203411 0.01718298782972841
1 0.6184802670854899 0.09638582235738286 0.01263309562182215 0.016646019460049396
1 0.6053057530798754 0.11356881018711128 0.011550258854237327 0.020941766417481526
1 0.6251577604855959 0.12242878828681497 0.007940802962288203 0.010739367393580253
1 0.6125246648637739 0.12940937709264236 0.019491061816525945 0.015035114351012345
1 0.5462911492465066 0.1468608491072101 0.016964442692161158 0.022015703156839556
1 0.5338385264192819 0.14954569095560516 0.011550258854237327 0.010202399023901253
1 0.5710159221063583 0.1635068685672595 0.017325388281355956 0.006980588805827175
1 0.5930336030472486 0.16001657416434584 0.018769170638135282 0.011813304132938279
1 0.6906693849244732 0.048864121640790195 0.030680375081568057 0.01073936739358027
1 0.6841723643189647 0.06416772017664207 0.021295789762500163 0.01879389293876546
1 0.6962640415569945 0.05745561555565441 0.01299404121101702 0.01396117761165434
1 0.6792995988648336 0.07598102430958038 0.011550258854237256 0.013424209241975342
1 0.6834504731405747 0.08618342333348158 0.009023639729872883 0.010202399023901236
0 0.43313470703390017 0.06685256202503713 0.021656735351695034 0.012350272502617301
0 0.40101054959555255 0.07544405593990135 0.01949106181652553 0.015572082720691372
2 0.6390541656696002 0.0491326058256297 0.014798769156991725 0.013424209241975325
2 0.6533115164427994 0.07168527735214825 0.01949106181652553 0.024163576635555593
2 0.6722611598755326 0.10819912649032115 0.008301748551483286 0.016646019460049413
0 0.7097995011518039 0.12457666176553105 0.03428983097351704 0.030070228702024727
0 0.7119651746869732 0.06873195131891369 0.010467422086652505 0.012887240872296308
0 0.7495035159632447 0.08859978099703718 0.012633095621822008 0.022552671526518547
0 0.752391080676804 0.19626193911767928 0.00902363972987274 0.02845932359298775
2 0.372856793638349 0.20485343303254352 0.011550258854237399 0.011276335763259268
2 0.6347228185992613 0.19760436004187681 0.03212415743834747 0.032218102180740754
2 0.6152317567827357 0.2037794962931855 0.024183354476059408 0.01879389293876546
2 0.6282257979937527 0.24995877608558062 0.02562713683283917 0.020941766417481526
2 0.6749682517944946 0.22472126271066709 0.03465077656271205 0.05423380533758032
2 0.6502434789346426 0.2835192991905189 0.017686333870550897 0.027922355223308663
2 0.6666665032430115 0.2647254062517535 0.023100517708474655 0.032218102180740796
2 0.6096371001502144 0.3205701166983708 0.012994041211016948 0.020404798047802472
2 0.601154878804134 0.34473369333392645 0.006857966194703309 0.025774481744592636
2 0.6309328899127143 0.31412649626222267 0.009384585319067823 0.01933086130844444
2 0.6372494377236256 0.34956640866103755 0.0111893132650426 0.018256924569086407
3 0.6513581181617627 0.24228378863025427 0.004684083187421208 0.007335132431924229
3 0.6502487300384261 0.25053581261616903 0.0029583683288976204 0.011369455269482529
0 0.7737228491881174 0.06039256405361378 0.01441255737655311 0.025014671501496836
0 0.9060781677627958 0.22977762536374946 0.024501347540140158 0.007861753900470426
0 0.9212113530081768 0.25765111646541733 0.01537339453498987 0.015008802900898068
0 0.9094410978173252 0.2905275418673846 0.01585381311420832 0.01357939310081253
0 0.8179213584762134 0.2287055680136853 0.00960837158436874 0.010005868600598725
0 0.7859735229581876 0.2898128369673419 0.010088790163587049 0.013579393100812567
0 0.8541929612072053 0.4130994322247192 0.010088790163587049 0.021441147001283058
2 0.9732025304945204 0.39252754546526064 0.03235920643646865 0.014004211333112354
2 0.5126153513828983 0.3652142039218538 0.026423021857013892 0.03001760580179621
2 0.5419208847152228 0.39916268667388516 0.020657998906392763 0.029302900901753474
2 0.6207095317070461 0.4620567178776486 0.02450134754014023 0.027873491101668008
2 0.6295972754225871 0.43060970227576706 0.01825590601030058 0.03644994990218116
2 0.5294300016555435 0.4331111694259166 0.027383859015450582 0.02287055680136845
2 0.8517908683111131 0.300176058017962 0.02065799890639269 0.02429996660145406
2 0.8724488672175057 0.31804368051903115 0.0139321387973348 0.025729376401539595
2 0.9634881879793992 0.46026995562754175 0.019216743168737338 0.04145288420248051
2 0.9834255590169642 0.42203324347525367 0.012971301638897757 0.017867622501069106
2 0.9694934202196294 0.43668469392613046 0.012971301638897472 0.018582327401111983
2 0.965650071585882 0.4981493153298084 0.016814650272645365 0.021441147001282915
1 0.8025479639412235 0.0646807934538704 0.00576502295062113 0.009291163700555964
1 0.8083129868918448 0.049314638102950906 0.0057650229506212725 0.007147049000427667
1 0.8295426108629265 0.07377499435474748 0.024568631662428064 0.007861753900470446
1 0.8482604470205541 0.09182667822683714 0.0019216743168736625 0.001429409800085537
1 0.8775552112470456 0.07786897544509894 0.010569208742805501 0.016438212700983616
1 0.8479475196773657 0.12435865260744139 0.006245441529839723 0.012864688200769813
1 0.859477565578608 0.12221453790731308 0.007206278688276484 0.010005868600598725
1 0.8867900879274495 0.07887101147426527 0.0037965726887517802 0.010892671661407479
1 0.893027314487542 0.08310705045370151 0.0032542051617875244 0.007261781107604968
1 0.8965527034128118 0.08593107643999233 0.0032542051617873826 0.008068645675116653
1 0.8740444510437823 0.09561345125013233 0.011389718066255909 0.016137291350233323
1 0.8783833912594987 0.08451906344684693 0.007593145377503845 0.017347588201500806
1 0.869841102709807 0.10105978708083606 0.012203269356702719 0.018154452769012473
1 0.8672648569567252 0.12526572410618603 0.0037965726887519225 0.007665213391360819
1 0.8779766156142753 0.1347463827744481 0.010576166775808957 0.014523562215210006
1 0.8823155558299919 0.16419693948862388 0.006779594087057035 0.00806864567511667
1 0.8995357248111168 0.15027852569904765 0.004881307742681002 0.007665213391360837
1 0.8951967845954003 0.1611711973604551 0.0032542051617875244 0.006858348823849134
1 0.8888239661535667 0.16641581704928093 0.0035253889252696525 0.006051484256337467
1 0.8813664126578038 0.1730724497312522 0.004881307742681002 0.004841187405070002
1 0.8710614296454772 0.13716697647698306 0.005966042796610224 0.008068645675116635
1 0.8507226473843061 0.1549179969622397 0.005966042796610083 0.010489239377651654
1 0.8553327713635048 0.15189225483407096 0.005423675269645542 0.007665213391360819
1 0.9153999749748304 0.17045013988683938 0.0062372265600924995 0.030257421281687343
1 0.9201456908357702 0.16843297846806013 0.007593145377503846 0.020575046471547474
1 0.9191965476635824 0.16379350720486807 0.01437273946456088 0.01775102048525664
1 0.9198745070722879 0.1682312623261822 0.020067598497688976 0.01775102048525664
1 0.9309930413750616 0.16883641075181596 0.003796572688751923 0.007665213391360837
1 0.948602644829203 0.2300063970445383 0.022777869799272238 0.028082540184648275
1 0.9406546740140791 0.2429429469430339 0.008949064194915191 0.03267801498422252
1 0.9802610649138443 0.23493401424699267 0.013830371937596482 0.058901113428351554
1 0.9760095461131203 0.24952286750298242 0.022237068605547135 0.019768181904035807
1 0.9746536272957088 0.21886201393753915 0.015728658281972514 0.012506400796430804
1 0.9713994221339217 0.2289478210314347 0.005423675269646402 0.018961317336524154
1 0.9768230974035669 0.20131270959416042 0.004881307742681002 0.016137291350233306
1 0.975873954231379 0.25779322931997706 0.007321961614021717 0.029853988997931645
1 0.979040737978174 0.23427047331479378 0.010304983012326687 0.06858348823849152
1 0.861163222278374 0.07039893351539278 0.010576166775808957 0.0028240259862908346
1 0.8621123654505618 0.07524012092046277 0.007593145377503987 0.00443775512131416
3 0.9631324552951774 0.5584836467622891 0.004258257443110267 0.00466781154758813
3 0.9698560196790357 0.5474809481144027 0.00784415844783453 0.010002453316260257
3 0.9766916434692915 0.5396456930166654 0.006275326758267568 0.011002698647886434
3 0.9834152078531497 0.5318104379189282 0.003585901004724548 0.007335132431924194
3 0.9890181781730315 0.526809211260798 0.0035859010047244056 0.005334641768672199
1 0.9828549108211615 0.5891578369321541 0.03025603972736178 0.03467517149636905
1 0.9857684553875004 0.5731539116261375 0.010085346575787356 0.02867369950661292
1 0.9836393266659451 0.5719869587392405 0.017481267398031262 0.018337831079810414
1 0.9961899801824804 0.5408126459035625 0.005827089132677372 0.007335132431924194
1 0.953943583970571 0.5763213551762864 0.00605120794547247 0.008335377763550297
1 0.9661580592679135 0.5929921107033871 0.02196364365393677 0.02033832174306262
1 0.9848719801363192 0.619665319546748 0.030256039727361923 0.04167688881775128
1 0.9874493464834644 0.6244998386496071 0.023756594156298702 0.07268449409815825
1 0.876846712368997 0.5543159578805139 0.005602970319881848 0.008335377763550226
1 0.8850270490360245 0.5678192698574653 0.008516514886220534 0.018004415969268522
1 0.8795361381225402 0.5858236858267338 0.009188871324606395 0.010002453316260257
1 0.8744934648346466 0.5966596769193493 0.013895366393307 0.009669038205718152
1 0.8762864153370089 0.6079957906777775 0.0058270891326769455 0.006334887100298161
1 0.9040771481236227 0.5811558742791457 0.017929505023622026 0.014003434642764389
1 0.9168519204529534 0.5881575916005277 0.01434360401889748 0.014670264863848391
1 0.9379190888557091 0.6019943186880214 0.00582708913267723 0.010335868426802364
1 0.941056752234843 0.5979933373615173 0.0035859010047244056 0.009669038205718294
1 0.9193172273937013 0.6041615169065444 0.010757703014173217 0.010002453316260257
1 0.9240237224624022 0.593158818258658 0.010309465388582595 0.014670264863848459
1 0.8913023757942921 0.5756545249552025 0.018377742649212648 0.019004661300894482
1 0.8954485738310046 0.620998979988916 0.0060512079454723275 0.010335868426802364
1 0.8771828905881898 0.47629682201368356 0.02017069315157471 0.021005151964146762
1 0.908335405566732 0.49246745487497057 0.03406605954488026 0.02734003906444522
1 0.9407205740156499 0.4842987846666917 0.009188871324606253 0.014336849753306492
1 0.9313075838782485 0.4841320771114208 0.01411948520610224 0.009335623095176332
1 0.9411688116412407 0.5031367384123153 0.005602970319881848 0.016003925306016454
1 0.943185880956398 0.494467945538223 0.00649944557106295 0.012002943979512466
1 0.9354537819149611 0.5103051632889686 0.015240079270078583 0.010335868426802222
1 0.8787517222777568 0.48496561488777573 0.024204831781889594 0.012336359090054429
1 0.8898456035111226 0.494467945538223 0.023532475343503875 0.011336113758428397
1 0.9550641780345476 0.4181158852241027 0.005602970319881848 0.006668302210840125
1 0.9608912671672247 0.41561527189503766 0.002913544566338544 0.005001226658130093
1 0.968847485021457 0.40294549769444116 0.003137663379134068 0.0036675662159621684
1 0.9784845939716539 0.3986111012573951 0.0058270891326769455 0.007668547542466229
1 0.9874493464834648 0.3912759688254709 0.008068277260629912 0.007001717321382301
2 0.7711746921360251 0.3886086479411348 0.019722455525983947 0.015003679974390423
2 0.7877594842828755 0.3891087706069478 0.014343604018897622 0.013336604421680392
2 0.8081542962472454 0.41978296077681276 0.022860118905118014 0.016670755527100525
2 0.7670284940993127 0.4039457430260673 0.010085346575787498 0.010335868426802364
2 0.7796912070222456 0.4332862727537642 0.011205940639763554 0.02100515196414655
2 0.7827168109949819 0.41328136612124355 0.016808910959645686 0.03167443550149095
2 0.7952674645115171 0.458625821154957 0.009637108950196734 0.017671000858726558
2 0.9541677027833666 0.45595850027062085 0.0118782970781497 0.020338321743062552
3 0.9652615840167322 0.721857050927874 0.015240079270078583 0.01733758574818438
3 0.9751228117797246 0.7120213051668847 0.006723564383858332 0.025006133290650753
3 0.9849840395427165 0.6921831060896352 0.02644601990984228 0.014670264863848387
3 0.9871131682642718 0.7038526349586056 0.02039481196436995 0.03000735994878099
1 0.6377843728369044 0.6035016316622713 0.009188871324606183 0.014670264863848459
1 0.6333019965809988 0.628007642287109 0.002913544566338615 0.012336359090054358
1 0.6340864124257823 0.620172387189372 0.001344712876771581 0.014003434642764531
1 0.6350949470833611 0.623839953405334 0.0033617821919290237 0.01733758574818445
1 0.6624374422443844 0.5804959890348727 0.008740633699015773 0.016003925306016527
1 0.674315739322534 0.6038350467728134 0.008740633699015631 0.03467517149636905
1 0.6783498779528491 0.6110034716494667 0.009637108950196876 0.029007114617155026
1 0.6466370659423177 0.5949995463434502 0.012102415890944797 0.00700171732138223
1 0.6688248284090499 0.5896649045747779 0.004930613881496129 0.019671491521978696
1 0.65885154123966 0.590831857461675 0.011430059452558936 0.008001962653008335
1 0.6597480164908412 0.6340091142768653 0.010085346575787356 0.015003679974390494
1 0.6627736204635774 0.624006660960605 0.004930613881496129 0.009669038205718294
1 0.675548392792908 0.6170049436392229 0.015240079270078723 0.018337831079810556
2 0.7284404326125926 0.5899983196853199 0.00672356438385819 0.013003189311138285
2 0.5250526100008815 0.6426779071509574 0.02039481196437002 0.020338321743062552
2 0.5443268279012752 0.624506783626418 0.023980712969094285 0.027340039064444852
2 0.5568774814178105 0.6035016316622713 0.02218776246673201 0.024672718180108646
2 0.5725657983134796 0.5970000370067022 0.005602970319881848 0.01166952886897036
2 0.585452630049208 0.5738276868240324 0.011205940639763625 0.020004906632520657
2 0.5972188677209599 0.5461542326490456 0.012326534703740108 0.016003925306016454
2 0.6113383529270621 0.5304837224535711 0.022636000092322632 0.022005397295772795
2 0.6001324122872984 0.5878311214667968 0.0069476831966535 0.012002943979512324
2 0.5943053231546211 0.6038350467728134 0.006947683196653358 0.013336604421680463
2 0.6280352044803099 0.5784954983716206 0.006275326758267638 0.007335132431924123
2 0.6469732441615105 0.5356516566669722 0.007395920822244051 0.018337831079810414
2 0.6466370659423177 0.5186474860293298 0.007620039635039291 0.024339303069566755
2 0.5235958377177123 0.5628249881761461 0.015240079270078581 0.012669774200596394
2 0.5275179169416295 0.5498217988650077 0.00649944557106295 0.02734003906444478
2 0.5073472237900549 0.5858306308035448 0.008292396073425294 0.012002943979512395
2 0.5128381347035392 0.6058355374360656 0.008068277260629841 0.013336604421680392
2 0.5100366495435982 0.622506292963166 0.013671247580511761 0.013336604421680533
2 0.5175446297722399 0.5784954983716206 0.011205940639763767 0.012002943979512466
2 0.5573257190434009 0.5683263375000893 0.012774772329330587 0.010335868426802364
2 0.531103817946354 0.590498442351133 0.01411948520610217 0.022005397295772652
2 0.5525071645683026 0.5883312441326098 0.01972245552598416 0.017004170637642632
2 0.5825390854828694 0.5139796744817418 0.013447128767716521 0.017004170637642632
2 0.48717653063848027 0.5856639232482739 0.01994657433877947 0.028340284396070958
2 0.43809451063631527 0.5799958663690598 0.01949833671318885 0.013670019532222497
2 0.42610415415176817 0.5178139482529748 0.016584792146850377 0.0100024533162604
2 0.4282332828733232 0.5316506753404682 0.007395920822244122 0.009669038205718294
2 0.4516536988104293 0.5454874024279617 0.0035859010047243345 0.005334641768672199
2 0.48280621378897237 0.5671593846131923 0.016136554521259755 0.016003925306016596
2 0.4420165898602326 0.6061689525466075 0.005827089132677088 0.018004415969268592
2 0.5680834220575741 0.39995170667637425 0.01456772283169272 0.018337831079810556
2 0.4571446097239135 0.3746121582751814 0.00829239607342508 0.011002698647886291
2 0.4165791046079688 0.41412184887440956 0.01546419808287382 0.012002943979512253
2 0.4255438571197799 0.40978745243736353 0.00649944557106302 0.01933807641143652
2 0.46947114442765353 0.4449627465995455 0.030256039727361995 0.03100760528040688
2 0.48628005538729907 0.42745845329609006 0.007844158447834601 0.02867369950661285
2 0.5153034416442871 0.4387945670545183 0.018377742649212436 0.015337095084932528
2 0.5915038379946802 0.4859728051962128 0.016136554521259755 0.03167443550149095
2 0.5754793428798181 0.4094540373268214 0.010981821826968385 0.010669283537344256
2 0.6189583925621013 0.49397476784922106 0.010533584201377906 0.023672472848482826
2 0.5052180950684996 0.49497501318084686 0.030928396165747857 0.007001717321382089
2 0.5835476201404478 0.44796348259442353 0.020394811964369878 0.014336849753306425
2 0.5928485508714519 0.4319595572884072 0.0035859010047243345 0.013003189311138499
1 0.7207276699450036 0.7066247188872022 0.005763792726089562 0.033426183844011075
1 0.7099915808799512 0.7315782934836483 0.006582275083803637 0.008653626255444635
1 0.7141246373279208 0.7497964540214268 0.003826904118490404 0.021861792645333653
1 0.7131296422571133 0.758450080276871 0.010103026872814667 0.0077427182285556735
1 0.7174157748698229 0.7618659853777046 0.002755370965312949 0.011386350336111377
1 0.7150430943163586 0.7602718963306487 0.0032145994595319393 0.012752712376444606
1 0.3927734647389154 0.5150370214854447 0.006656328740019646 0.05281295350985452
1 0.3999228548670847 0.5291571514168989 0.005177144575570836 0.018704587701406795
1 0.9888254399740083 0.2353053737091853 0.005204589601147091 0.03529768604194491
1 0.9957904054696607 0.23450832918565742 0.007194579742761959 0.026416332779778173
1 0.9899735112095552 0.23496378319910188 0.009337646049116728 0.03825813712933389
