3 0.8632712106988413 0.793175487465181 0.25539533285112626 0.2158774373259054
3 0.8348453602958904 0.9261838440111422 0.19504506584178485 0.06685236768802227
3 0.8282855486644404 0.9185236768802229 0.17492831017200416 0.13509749303621163
3 0.8873238533474919 0.6956824512534819 0.2090393306555451 0.08774373259052921
3 0.8260989447872902 0.665041782729805 0.06909668251794172 0.057103064066852414
0 0.1386306858113134 0.7318941504178272 0.17755223482458438 0.09052924791086368
0 0.1320708741798632 0.8036211699164346 0.14519049744276355 0.041782729805014046
0 0.09271200439116228 0.8259052924791086 0.033236378932680825 0.08913649025069631
0 0.024927284199510614 0.6587743732590529 0.03586030358526089 0.06963788300835652
0 0.044169398318431086 0.5647632311977716 0.021866038771500534 0.04596100278551525
0 0.14081728968846347 0.6747910863509748 0.07521917337396182 0.09052924791086348
0 0.11589000548895285 0.4630919220055711 0.04285743599214106 0.07103064066852376
0 0.15087566752335368 0.4247910863509749 0.05510241770418135 0.09470752089136489
0 0.22259627469387547 0.4491643454038997 0.05510241770418137 0.08495821727019497
0 0.1723043855194242 0.4895543175487465 0.12070053401868294 0.0766016713091922
0 0.1386306858113134 0.5786908077994429 0.051603851500741274 0.11002785515320335
0 0.21297521763441524 0.3885793871866295 0.020116755669780488 0.038997214484679715
0 0.29213027798724717 0.24442896935933148 0.06122490856020149 0.0933147632311978
0 0.3275532607970781 0.29317548746518113 0.08309094733170205 0.09331476323119778
0 0.34067288405997836 0.3502785515320334 0.09008807973858225 0.1128133704735376
0 0.3542298280983087 0.4637883008356545 0.06997132406880169 0.11977715877437319
0 0.4373207754300107 0.49164345403899723 0.0542277761533213 0.09192200557103064
0 0.46224805962952137 0.4059888579387186 0.058600983907621466 0.11559888579387191
0 0.4937351554604821 0.29665738161559885 0.08484023043342205 0.13649025069637882
0 0.4543762856717812 0.16225626740947074 0.08833879663686219 0.1128133704735376
0 0.536592591452623 0.17061281337047354 0.18979721653662465 0.12395543175487463
0 0.5895084052796546 0.21866295264623953 0.01749283101720046 0.10306406685236771
0 0.5825112728727744 0.14206128133704735 0.15043834674792386 0.05571030640668523
0 0.5440270446349333 0.09818941504178273 0.25364604974940635 0.09610027855153204
0 0.6485467099627058 0.07242339832869081 0.13032159107814323 0.04735376044568246
2 0.2724508430928967 0.8760445682451254 0.018367472568060494 0.06128133704735362
2 0.01836747256806045 0.8370473537604457 0.022740680322360558 0.038997214484679715
2 0.044169398318431086 0.9505571030640668 0.03586030358526088 0.045961002785515175
2 0.09577324981917236 0.9575208913649026 0.03411102048354083 0.037604456824512626
2 0.2986900896186973 0.690807799442897 0.002623924652580065 0.0027855153203343265
2 0.3231800530427779 0.701949860724234 0.034111020483540845 0.013927576601671205
2 0.3787197915223894 0.7089136490250696 0.04897992684816124 0.03064066852367688
2 0.4552509272226412 0.6552924791086352 0.03935886978870101 0.03203342618384397
2 0.4364461338791507 0.8523676880222841 0.02623924652580058 0.116991643454039
2 0.5973801792373946 0.6093314763231198 0.02798852962752072 0.04596100278551532
2 0.5737648573641742 0.46448467966573814 0.038484228237841055 0.034818941504178226
2 0.6153103310300252 0.40111420612813375 0.03236173738182082 0.08913649025069638
2 0.6677888240816264 0.32590529247910865 0.04110815289042094 0.050139275766016664
2 0.7163314301543576 0.2743732590529248 0.03848422823784091 0.08356545961002784
2 0.7591888661464986 0.2151810584958217 0.05072920994988124 0.084958217270195
2 0.8274109071135802 0.13022284122562675 0.0612249085602015 0.0988857938718663
2 0.7539410168413384 0.16643454038997216 0.017492831017200387 0.06545961002785518
2 0.7228912417858078 0.3161559888579387 0.04635600219558114 0.06963788300835656
2 0.7145821470526376 0.431058495821727 0.04198279444128104 0.04596100278551532
2 0.6319285204963656 0.5188022284122563 0.020116755669780346 0.01532033426183844
2 0.936741100971083 0.36420612813370473 0.05422777615332123 0.11838440111420613
2 0.9642923098231736 0.11072423398328692 0.04985456839902113 0.08774373259052924
2 0.9056913259155521 0.0926183844011142 0.06209955011106146 0.07103064066852367
2 0.8816386832669016 0.46657381615598886 0.03498566203440092 0.06685236768802227
2 0.6223074634369052 0.8022284122562674 0.027113888076660757 0.09192200557103064
2 0.6223074634369052 0.9150417827298051 0.032361737381820674 0.038997214484679577
2 0.5199744019862828 0.9435933147632312 0.03061245428010068 0.06267409470752085
2 0.27901065472434683 0.9011142061281336 0.03323637893268078 0.06406685236768808
1 0.9047135157547583 0.16745535808002018 0.011849096486454727 0.011006455460658593
1 0.33646496897995837 0.15487655183926743 0.016292507668875373 0.014151157020846768
1 0.34313008575358933 0.11360234386179772 0.008886822364841293 0.016509683190987924
0 0.31491712707182323 0.7712609970674487 0.0681399631675875 0.05278592375366571
1 0.6460340012751286 0.4703307152509084 0.0055843424886985816 0.005472227333838476
1 0.5425088828307955 0.6611746435185265 0.0038660832614066014 0.010944454667676951
