1 0.6388545893565376 0.7128887475548197 0.07438413655216657 0.031132545445862973
1 0.6503250403201895 0.6908365278640002 0.0305878692364049 0.033726924233018284
1 0.6336407480094232 0.661001171811715 0.002780715385127834 0.0017295858581034907
1 0.6093094883895557 0.843040083377108 0.03197822692896878 0.20495592418526415
1 0.7097628316772946 0.9290869798177568 0.1466827365654872 0.039780474736380425
1 0.7035062220607573 0.9031431919462041 0.08133592501498584 0.0709130201822434
1 0.6378118210871148 0.8439048763061595 0.018074650003330247 0.033726924233018
1 0.6889074662888366 0.8564443737774099 0.06187091731909192 0.02594378787155236
1 0.6969020230210787 0.8235822424734434 0.04588180385460745 0.05361716160120835
1 0.6996827384062062 0.7812073889499079 0.06534681155050123 0.0639946767498293
1 0.7042014009070391 0.742724103607105 0.05074805577858086 0.05102278281405304
1 0.7267947134112017 0.787693335917796 0.03753965769922431 0.05102278281405319
1 0.764681960533567 0.753534015220252 0.020160186542175895 0.015566272722931273
1 0.7872752730377296 0.7799101995563302 0.016684292310766295 0.06485946967888097
1 0.7719813384195272 0.7954764722792618 0.03753965769922416 0.019890237368190213
1 0.7879704518840117 0.8637951136743499 0.05422395000999046 0.04756361109784621
1 0.762944013417862 0.8936304697266351 0.03197822692896878 0.0553467474593117
1 0.8164727845815708 0.8075835732859861 0.029197511543840874 0.023349409084397053
1 0.7959650086162537 0.8335273611575386 0.0312830480826868 0.03199733837491465
1 0.8348950240080417 0.7967736616728394 0.035454121160378375 0.0449692323106909
1 0.8595738730510505 0.830500585905858 0.04032037308435193 0.04842840402689788
1 0.8189059105435575 0.8620655278162463 0.02711197500499523 0.025078994942500685
1 0.8286384143915047 0.8849825404361176 0.029892690390122992 0.046698818168794246
1 0.8196010893898396 0.9429236666825846 0.05213841347114467 0.029402959587759625
1 0.8272480566989406 0.9018460025526267 0.01876982884961208 0.044104439381639084
1 0.9270062211403975 0.832230171763961 0.08481181924639543 0.05015798988500137
1 0.923877916332129 0.8123399343957707 0.04240590962319771 0.05707633331741533
1 0.9739307932644279 0.8274738106541762 0.03684447885294219 0.06140029796267413
1 0.8988514778659794 0.8603359419581429 0.07716485193729411 0.04583402523974271
1 0.9023273720973884 0.9104939318431445 0.04935769808601718 0.0735073989693995
1 0.9749735615338513 0.8754698182165499 0.022245723081021698 0.055346747459309543
1 0.9165785384461695 0.8845501439715924 0.044491446162043556 0.03718609594922611
1 0.7320085547583162 0.9303841692113344 0.053528771163708626 0.0942624292666406
1 0.6989875595599248 0.9351405303211189 0.02085536538845773 0.05361716160120848
1 0.7650295499567079 0.9463828383987917 0.0291975115438413 0.07264260604034661
1 0.0476197509703122 0.7422917071425792 0.08272628270754966 0.08129053533086449
1 0.10462441636543046 0.6817562021089568 0.0507480557785809 0.09166805047948515
1 0.06117573847280983 0.6346249874756367 0.055614307702554384 0.04929319695594962
1 0.021898133657880795 0.6121403713202911 0.03406376346781457 0.03372692423301814
1 0.025026438466149478 0.825311828331547 0.03475894231409649 0.050157989885001225
1 0.044839035585184484 0.7937468864211581 0.06326127501165563 0.06485946967888126
1 0.09315396540177862 0.7366705531037429 0.03197822692896878 0.05102278281405319
1 0.032673405775250706 0.8858473333651693 0.025026438466149475 0.022484616155345378
1 0.020160186542175967 0.8581739596355135 0.031978226928968775 0.022484616155345662
1 0.016336702887625357 0.9238982222434461 0.018769828849612112 0.017295858581034905
1 0.030935458659545886 0.9096291389140925 0.01459875577192053 0.01297189393577611
1 0.08098833559184485 0.8374189293382716 0.013208398079356644 0.008647929290517452
1 0.0257216173124314 0.7033760253352509 0.0278071538512772 0.036321303020172994
1 0.5283359231742667 0.4776650708527444 0.022245723081021823 0.017295858581035047
1 0.5259027972122798 0.4927989471111501 0.020160186542175964 0.018160651510086653
1 0.5151275250949099 0.5113919950857627 0.01251321923307465 0.013836686864827854
1 0.13347433848613055 0.6830533915025344 0.033368584621532665 0.05967071210457064
1 0.24852643754578993 0.48631300014326184 0.03267340577525072 0.05188757574310479
1 0.24470295389123933 0.5170131491245988 0.0375396576992242 0.04064526766543217
1 0.2624300144714286 0.502744065795245 0.045186625008325446 0.04669881816879439
1 0.20194945484490062 0.5740894824420143 0.0062566096165373964 0.026808580800604106
1 0.24053188081354776 0.5399301617444701 0.050052876932298956 0.010377515148620873
1 0.17727060580189213 0.43831699258088974 0.03197822692896878 0.025078994942500685
1 0.1209611192530558 0.41929154814175135 0.020855365388457905 0.018160651510086653
2 0.31630637505827813 0.33540663402373183 0.03475894231409647 0.04064526766543217
2 0.35523639045006616 0.34275737392067174 0.045881803854607314 0.041510060594483915
2 0.5116516308635005 0.34102778806256817 0.057004665395118295 0.06745384846603632
2 0.5537099510635572 0.32156994715890386 0.04657698270088915 0.07696657068560551
2 0.5738701376057331 0.2783303007063164 0.021550544234739916 0.05794112624646707
2 0.3959043529575591 0.47204391681390795 0.035454121160378375 0.05621154038836352
2 0.3128304808268685 0.5952769092037821 0.038930015391788156 0.043239646452587266
2 0.37609175583852406 0.605654424352403 0.038930015391788045 0.05880591917551883
2 0.40181337315095544 0.5209047173053317 0.03197822692896878 0.039780474736380286
2 0.4209307914237086 0.6380841591918435 0.029892690390122992 0.03891568180732847
2 0.5175606510568969 0.5840346011261093 0.0437962673157616 0.05880591917551883
2 0.1602387240679849 0.5204723208408059 0.060480559626527944 0.07177781311129522
2 0.045186625008325446 0.5654415531514968 0.018074650003330178 0.026808580800604106
2 0.148768273104333 0.6034924420297736 0.01946500769589404 0.028538166658707596
2 0.19395489811265848 0.7587227727945622 0.03475894231409651 0.03805088887827665
2 0.20125427599861873 0.6450025026242575 0.01876982884961212 0.04756361109784621
2 0.1164424567522233 0.23509065425372896 0.01876982884961212 0.021619823226293702
2 0.11748522502164617 0.3401629951335164 0.025026438466149478 0.022484616155345378
2 0.18317962599528856 0.37518710876011224 0.021550544234739847 0.021619823226293775
2 0.19604043465150425 0.24719775526045354 0.01529393461820245 0.014701479793879707
2 0.1470303259886282 0.17974390679441718 0.035454121160378466 0.026808580800604175
2 0.3541936221806434 0.23811742950541018 0.032673405775250686 0.020755030297241957
2 0.47411197316427617 0.21390322749196122 0.036149300006660355 0.017295858581034943
2 0.5095660943246547 0.19098621487208992 0.02919751154384109 0.03372692423301814
2 0.5964634501098959 0.2017961264852368 0.03197822692896878 0.020755030297241923
2 0.6461687376190539 0.3834026415861038 0.02572161731243142 0.017295858581034978
2 0.6614626722372564 0.25671047748002274 0.01459875577192065 0.018160651510086688
2 0.7083872443612867 0.4789622602463218 0.025026438466149444 0.026808580800604175
1 0.6096718481892524 0.6705138940312841 0.011122861540510912 0.029402959587759483
1 0.4821065298965185 0.07091302018224331 0.01598911346448439 0.01037751514862097
1 0.4991384116304257 0.1093963055250461 0.0097325038479471 0.03199733837491468
1 0.5728273693363103 0.07004822725319157 0.005561430770255385 0.02248461615534544
0 0.6773621842438554 0.6213816999659408 0.04605720107188518 0.021854612645935773
0 0.7200956697744707 0.599527087320005 0.06315059528413115 0.04311856008522483
0 0.7464479858516833 0.5741284834341878 0.028488990353743304 0.04548122091181241
0 0.8872310798497655 0.5561131946314568 0.04890610010725965 0.03425858198552099
0 0.9055115153267509 0.5259892690924641 0.027539357341951815 0.04607188611845921
0 0.8606413555196047 0.6910801943502767 0.040359403001136655 0.04311856008522469
0 0.8034259665591702 0.6931475225735408 0.03608605444807509 0.022445277852582848
0 0.9259286250802671 0.6831062140605434 0.016143761200454635 0.018901286612701396
0 0.8487709428722119 0.5747191486408346 0.030863072883222174 0.03012392553899268
0 0.7728003019288959 0.5711751574009531 0.01376967867097605 0.021854612645935915
0 0.7060885828505468 0.6264023542224396 0.036086054448074806 0.028351929919051954
2 0.9824317892818581 0.5578851902513976 0.03133788938911777 0.03425858198552099
0 0.9852806883172325 0.4105142211929924 0.023740825294786133 0.04429989049851855
0 0.9840936470524934 0.22622667671915514 0.031812705895013525 0.04311856008522476
0 0.9848058718113367 0.27259389544093793 0.012345229153288671 0.03189592115893333
0 0.9684247023579343 0.30685247742645894 0.011870412647393209 0.018901286612701292
2 0.9527557576633754 0.07767247467406925 0.0697980263666713 0.05847585545804454
2 0.9057489235796988 0.08357912674053837 0.04510756806009368 0.05847585545804454
2 0.7858577558410283 0.08476045715383222 0.026589724330160464 0.01949195181934818
2 0.6868585143617699 0.08416979194718528 0.05555353118979966 0.030123925538992645
2 0.5997296855299044 0.09834575690671128 0.03893495348344949 0.021854612645935845
2 0.6429379875664154 0.12167703256926438 0.027539357341952026 0.02362660826587659
2 0.5382409480164082 0.16597692306778294 0.034661604930387994 0.028351929919051902
2 0.7034770920681201 0.05463653161483959 0.0546038981780083 0.015947960579466694
1 0.5021548935683333 0.07530981384748159 0.012820045659184487 0.017129290992760504
1 0.019230068488776828 0.20377949629318548 0.023266008788890482 0.02008261702599512
1 0.03418678842449213 0.18960353133365954 0.023740825294786206 0.02362660826587657
1 0.045819792818937374 0.172474240340899 0.010920779635601657 0.014175964959525942
1 0.05816502197222616 0.16036560360463717 0.012820045659184593 0.01712929099276063
2 0.2224515330121467 0.15829827538137306 0.028963806859639157 0.03425858198552103
2 0.2597246287249611 0.18753620311039534 0.021841559271203296 0.030123925538992645
2 0.1913510518759768 0.16833958389437062 0.01994229324762042 0.02362660826587657
2 0.2281493310828954 0.12758368463573352 0.033711971918596435 0.06261051190457292
2 0.28085396323732076 0.189898863936983 0.03940976998934506 0.0407558992586371
2 0.32786079732099743 0.21972745687265216 0.019467476741724676 0.056703859838103804
2 0.27800506420194643 0.2985812619600152 0.018517843729933255 0.0242172734725235
2 0.40596811254084414 0.09775509170006433 0.018992660235829035 0.018310621406054342
2 0.41332776838222784 0.14678030385175822 0.02041710975351613 0.03484924719216794
2 0.4489390063244069 0.20230283327656817 0.028963806859639122 0.05611319463145683
2 0.4097666445880098 0.23095009579894352 0.032287522400909194 0.0248079386791704
1 0.4119033188645406 0.04784388173840007 0.05365426516621675 0.0059066520664691514
1 0.40264439699957405 0.05818052285472106 0.027539357341952026 0.007678647686409876
