1 0.31627060632974463 0.19402985074626866 0.11464809479453236 0.08208955223880599
1 0.2856318913415506 0.4440298507462687 0.17197214219179865 0.14179104477611942
1 0.36964127114788903 0.30130597014925375 0.1423217728483851 0.12500000000000008
1 0.2955153477893551 0.6324626865671642 0.31824729761930554 0.06343283582089555
1 0.5159164265753959 0.4832089552238806 0.18976236379784672 0.22761194029850743
1 0.6661449645820245 0.5513059701492538 0.09883456447804512 0.16231343283582084
1 0.5505085241427118 0.21548507462686564 0.11267140350497151 0.06529850746268653
1 0.6117859541190996 0.1753731343283582 0.09290449060936247 0.0671641791044776
1 0.14331011849316552 0.22014925373134328 0.12057816866321514 0.1455223880597015
1 0.24412137426077163 0.5167910447761195 0.12453155124233696 0.059701492537313425
1 0.28563189134155065 0.5792910447761195 0.15615861187531144 0.19962686567164184
1 0.0780793059376557 0.30970149253731344 0.1561586118753114 0.1156716417910448
0 0.8568956740246517 0.2882462686567164 0.19173905508740774 0.14365671641791042
0 0.5910306955787102 0.773320895522388 0.25301648506379565 0.11380597014925371
0 0.6987603708597794 0.701492537313433 0.2154593505621385 0.08955223880597017
0 0.9053246106188939 0.42723880597014924 0.12650824253189782 0.25746268656716415
