3 0.01713502311003042 0.24373259052924787 0.02542616332456127 0.22005571030640664
3 0.05527426809687231 0.23816155988857937 0.039797473029748065 0.1643454038997214
3 0.10612659474599478 0.19986072423398327 0.06854009244012167 0.10445682451253475
3 0.12326161785602528 0.1789693593314763 0.08070043142143359 0.07103064066852367
3 0.1525569799473676 0.12674094707520892 0.07517300461174635 0.07242339832869081
3 0.22386078579233287 0.08565459610027855 0.1271308166228063 0.05988857938718662
1 0.9319241601132674 0.5710306406685237 0.13044727270861856 0.06963788300835652
1 0.9590970416083144 0.5752089136490249 0.08180591678337108 0.07799442896935936
1 0.9418735283707044 0.5257660167130919 0.09949368257437015 0.06545961002785518
2 0.07296203388787147 0.903899721448468 0.055274268096872324 0.03342618384401106
2 0.08070043142143359 0.8788300835654596 0.03537553158199829 0.044568245125348224
0 0.11939241908924422 0.41364902506963785 0.06411815099237189 0.08077994428969354
0 0.08180591678337104 0.5167130919220055 0.03979747302974808 0.06685236768802234
0 0.15642617871414866 0.6016713091922005 0.03869198766781062 0.05013927576601674
0 0.21335867485392718 0.5069637883008355 0.07738397533562125 0.08077994428969354
0 0.37144308161098194 0.33147632311977715 0.04864135592524768 0.08635097493036216
0 0.4145570107265424 0.40668523676880225 0.08180591678337101 0.08913649025069638
0 0.5234473188773809 0.6225626740947076 0.07627848997368382 0.12256267409470745
0 0.3620464560345137 0.766016713091922 0.0961772264885579 0.05849582172701957
0 0.3930000461687622 0.6935933147632312 0.04311392911556034 0.09749303621169915
0 0.4714895068663209 0.6218662952646239 0.11165402155568216 0.10167130919220042
0 0.580932557698128 0.5870473537604456 0.10723208010793236 0.11002785515320326
0 0.7395697071361517 0.6149025069637883 0.07738397533562122 0.06824512534818936
0 0.6146498612372202 0.7562674094707521 0.06411815099237188 0.08356545961002794
0 0.7229874267070899 0.786908077994429 0.057485238820747214 0.05849582172701957
0 0.8269030507292098 0.9672701949860724 0.05306329737299748 0.03203342618384411
0 0.6124388905133453 0.2757660167130919 0.03316456085812334 0.08077994428969362
0 0.6063587210226893 0.14345403899721446 0.029848104772311077 0.027855153203342642
0 0.4880717872953826 0.06615598885793872 0.03869198766781068 0.02089136490250696
0 0.868911494482833 0.21866295264623958 0.04864135592524761 0.047353760445682444
0 0.7578102156081195 0.314066852367688 0.05859072418268482 0.020891364902506915
0 0.7362532510503393 0.3906685236768802 0.04421941447749788 0.05710306406685234
0 0.7732870106752436 0.43036211699164356 0.025426163324561206 0.03342618384401114
0 0.9147891370032368 0.2701949860724234 0.03869198766781068 0.044568245125348224
3 0.11165402155568209 0.1350974930362117 0.028742619410373624 0.04735376044568243
3 0.07683123265465251 0.24791086350974928 0.07185654852593401 0.06963788300835656
3 0.06577637903527807 0.2841225626740947 0.05416878273493488 0.03342618384401114
3 0.032059075496185946 0.32242339832869077 0.02874261941037361 0.03203342618384404
2 0.7832363789326808 0.894150417827298 0.025426163324561202 0.016713091922005673
2 0.758915700970057 0.9589136490250696 0.018793251152936535 0.02089136490250695
0 0.8429325884773029 0.9227019498607243 0.018793251152936535 0.05153203342618383
0 0.9230802772177676 0.9428969359331476 0.02653164868649867 0.025069637883008228
0 0.8948904004883629 0.9798050139275766 0.06080169490655948 0.023676880222841135
2 0.03775306884562002 0.3793220776277788 0.010608300336785788 0.014937332410893803
2 0.05179346635018945 0.365170920606932 0.013728388671134555 0.008647929290517452
2 0.10514697686755328 0.329006852664768 0.01809651233922281 0.014937332410893803
2 0.013416379837699664 0.45558109046234185 0.011856335670525305 0.010220280070611522
2 0.15506839021713348 0.2731883999714279 0.010608300336785774 0.010220280070611593
3 0.30420861259900434 0.35927460518157917 0.006864194335567291 0.007861753900470489
2 0.39063505946046506 0.07901062669972783 0.03619302467844569 0.01493733241089382
2 0.3918830947942045 0.13522216708809143 0.017472494672353064 0.031447015601881706
2 0.4311962078069989 0.11596087003193885 0.01872053000609263 0.013364981630799733
2 0.4143477308015156 0.07036269740921036 0.028704812676008586 0.013364981630799742
2 0.3129448599351809 0.13168437783287973 0.010608300336785774 0.011792630850705645
2 0.07238604935689126 0.08883781907531589 0.02246463600731109 0.014151157020846768
2 0.09984282669916036 0.06682490815399865 0.013728388671134547 0.007861753900470437
2 0.05023342218301508 0.05188757574310485 0.020592583006701828 0.015723507800940863
0 0.6130973576995318 0.2083364783624664 0.026832759675399345 0.07547283744451615
0 0.5859525891906976 0.2295632138937366 0.04867337801584078 0.025157612481505397
0 0.6377460555408867 0.26022405410557126 0.09110657936298396 0.07232813588432795
0 0.5781523683548256 0.13600834247813848 0.04929739568271032 0.04088112028244623
0 0.604985128030225 0.09119634524545703 0.033072936344096956 0.07075578510423389
0 0.6467943117104984 0.22327381077336028 0.025584724341659922 0.04245347106254034
0 0.6945316632260343 0.2790922634667003 0.0511694486833197 0.05660462808338711
0 0.2870481267600861 0.5074762142753663 0.03494498934470613 0.05424610191324596
0 0.16442865522017974 0.35299275013112236 0.039313113012794394 0.0676110835440457
