0 0.21014866341433389 0.5257660167130919 0.14716292956185842 0.05153203342618383
0 0.20485079795010697 0.5703342618384402 0.07063820618969202 0.08495821727019497
0 0.0712268579079395 0.7674094707520891 0.0694609027531972 0.04178272980501376
0 0.039439665122578065 0.32869080779944293 0.02001415842041275 0.047353760445682444
0 0.11184382646701244 0.30849582172701956 0.016482248110928167 0.07103064066852366
0 0.49858800535557646 0.30362116991643456 0.12361686083196119 0.06406685236768798
0 0.5268432878314533 0.26114206128133705 0.08594315086412528 0.07381615598885795
0 0.5656943012357839 0.19846796657381616 0.05297865464226902 0.0431754874651811
0 0.25665214915588114 0.9087743732590531 0.14363101925237387 0.034818941504178295
2 0.46444620569722533 0.8628133704735376 0.027077979039382 0.034818941504178295
2 0.5091837362840304 0.9087743732590529 0.020014158420412754 0.0571030640668522
2 0.19425506702165315 0.3231197771587744 0.04002831684082547 0.041782729805013935
0 0.034141799658351166 0.16643454038997213 0.025900675602887092 0.026462395543175497
0 0.17247495344649813 0.22562674094707522 0.02943258591237168 0.02506963788300837
0 0.33376552424629496 0.25487465181058494 0.05533326151525877 0.03342618384401114
0 0.42029732682866777 0.3704735376044568 0.03060988934886659 0.04735376044568241
0 0.38085766170608976 0.47144846796657375 0.0435602271503101 0.018105849582172696
0 0.3667300204681513 0.5452646239554317 0.05297865464226909 0.03203342618384404
0 0.3367087828375322 0.6086350974930361 0.03531910309484605 0.052924791086350925
1 0.7481763338924884 0.30571030640668523 0.0553332615152587 0.05710306406685237
1 0.7487649856107359 0.4004178272980501 0.07534741993567153 0.1295264623955431
1 0.7263962203173334 0.5153203342618384 0.0824112405546407 0.14206128133704737
1 0.698729589559704 0.5508356545961003 0.1047800058480432 0.0766016713091922
1 0.6333892488342389 0.7318941504178272 0.09653888179257912 0.16295264623955433
1 0.6157296972868158 0.7896935933147633 0.11302112990350736 0.1504178272980502
1 0.5633396943627942 0.8147632311977716 0.07417011649917661 0.06128133704735376
1 0.6545807106911465 0.9032033426183844 0.04709213745979469 0.03760445682451248
1 0.7740770094953754 0.9686629526462395 0.10242539897505352 0.03760445682451248
1 0.7199210514166116 0.6211699164345403 0.05297865464226902 0.044568245125348224
1 0.9536157835608428 0.16643454038997213 0.07063820618969202 0.08217270194986075
1 0.9630342110528018 0.24582172701949864 0.061219778697733325 0.0821727019498607
1 0.9671547730805338 0.3461002785515321 0.048269440896289525 0.11002785515320333
1 0.9748072454177504 0.42548746518105846 0.032964496221856335 0.09052924791086348
0 0.978339155727235 0.9456824512534819 0.023546068729897486 0.02506963788300837
