0 0.06470616147781078 0.8558495821727018 0.10421700344213772 0.16852367688022285
0 0.11624204230084591 0.8168523676880224 0.16147909324551007 0.11002785515320326
0 0.277721135546356 0.809192200557103 0.030921528493821064 0.07799442896935929
0 0.3246760491851214 0.5167130919220057 0.140864740916296 0.13649025069637888
0 0.34700826420843656 0.5877437325905293 0.04580967184269788 0.09749303621169922
0 0.34872612690253774 0.39275766016713093 0.12712183936348664 0.19220055710306408
0 0.4317561571174277 0.37325905292479106 0.1557528842651729 0.10584958217270199
0 0.46554079010141736 0.2228412256267409 0.20728876508820795 0.0668523676880223
0 0.42431208544298926 0.19011142061281336 0.08818361829719351 0.07103064066852367
0 0.574338760727825 0.7646239554317549 0.1408647409162961 0.07242339832869078
0 0.7335273703812001 0.7527855153203343 0.12712183936348664 0.048746518105849644
0 0.6287377460410286 0.8955431754874652 0.06871450776404686 0.044568245125348224
0 0.5216576381087223 0.9303621169916434 0.07444071674438411 0.08635097493036198
0 0.7226475733185593 0.9463788300835654 0.05955257339550741 0.062674094707521
0 0.9287910966106999 0.7569637883008358 0.1351385319359588 0.07938718662952639
0 0.8543503798663159 0.8328690807799443 0.11223369601460974 0.08913649025069645
0 0.7518512391182793 0.9435933147632312 0.09963603625786803 0.07660167130919233
0 0.4071334585019775 0.9303621169916434 0.04924539723090028 0.047353760445682555
0 0.3057795595500085 0.8363509749303623 0.05497160621123747 0.08774373259052921
2 0.4718396199797887 0.6747910863509752 0.041228704658428844 0.023676880222841687
2 0.5056242529637781 0.6608635097493036 0.13628377373202633 0.015320334261838297
2 0.5153588082303514 0.6699164345403901 0.15346240067303796 0.01671309192200553
2 0.3882369688668647 0.6761838440111422 0.02519531951348384 0.018105849582172623
0 0.5021885275755757 0.7743732590529249 0.0698597495601144 0.06406685236768794
0 0.3681952374356844 0.7688022284122562 0.06756926596797933 0.06406685236768808
1 0.2387829144800628 0.9651810584958217 0.10192651985000283 0.05849582172701957
1 0.23534718909186048 0.9206128133704735 0.051535880823035105 0.038997214484679577
1 0.29260927889523286 0.9749303621169916 0.08360265111292371 0.03342618384401106
2 0.3636142702514145 0.9777158774373259 0.02175959412528151 0.02785515320334255
2 0.3538797149848413 0.0766016713091922 0.018323868737079183 0.022284122562674088
2 0.33784632983989693 0.14275766016713093 0.01832386873707911 0.026462395543175515
2 0.8950064636267102 0.37674094707520894 0.017178626941011715 0.018105849582172696
0 0.9557042788182849 0.4422005571030641 0.06527878237584446 0.026462395543175532
0 0.911612469669688 0.5564066852367688 0.02748580310561877 0.0933147632311978
0 0.9041683979952498 0.5877437325905293 0.04008346286236062 0.07520891364902503
0 0.6298829878370961 0.8481894150417827 0.057262089803372336 0.07799442896935943
0 0.8961517054227777 0.9247910863509751 0.028631044901686095 0.11699164345403901
0 0.7432619256477735 0.4394150417827298 0.06184305698764206 0.1128133704735376
