1 0.4206239177042962 0.5830223880597015 0.08184388829333997 0.08768656716417915
1 0.4555081979604739 0.30970149253731344 0.1033111376817569 0.15671641791044777
1 0.5152139853220088 0.7369402985074628 0.1207532778098458 0.08582089552238813
1 0.13282860559083037 0.9300373134328359 0.08586899755366813 0.08022388059701498
1 0.6507259970863913 0.21828358208955223 0.1314869025040543 0.07089552238805968
1 0.4984426967373079 0.28451492537313433 0.1328286055908304 0.05783582089552244
1 0.5836408427475881 0.24626865671641787 0.1100196531156373 0.0746268656716418
1 0.5722363665099915 0.7919776119402985 0.07647707594623576 0.09141791044776112
0 0.9183957628982161 0.3815298507462687 0.11404476237596554 0.31156716417910446
0 0.11203220774580139 0.4542910447761194 0.1703962920205602 0.08768656716417908
1 0.3005414914378384 0.8190298507462687 0.07781877903301172 0.17537313432835816
1 0.36293068497292547 0.8722014925373134 0.08721070064044416 0.15111940298507462
1 0.26766976581182483 0.33582089552238803 0.11672816854951758 0.04850746268656721
