2 0.21929905559231955 0.4157381615598886 0.050493236276335444 0.13231197771587744
2 0.240090388176693 0.4394150417827298 0.09009577453228478 0.07381615598885802
2 0.19454746918235125 0.4289693593314763 0.02871184023556328 0.07242339832869085
2 0.2524661813816772 0.4073816155988858 0.033662157517556926 0.07381615598885788
2 0.312860052222 0.5194986072423399 0.04158266516874679 0.11142061281337043
2 0.33464144826277203 0.5445682451253482 0.08712558416308859 0.05013927576601674
2 0.2648419745866613 0.47284122562674097 0.0841553937938924 0.054317548746518084
2 0.26929726014045563 0.467966573816156 0.055443553558329056 0.10306406685236767
2 0.3975104777440917 0.9038997214484681 0.0762348861427025 0.02506963788300837
2 0.5083975848607498 0.9115598885793872 0.058413743927525345 0.037604456824512626
2 0.4786956811687878 0.612116991643454 0.028711840235563314 0.03760445682451255
2 0.950955949870984 0.3816155988857939 0.044552855537943116 0.08356545961002787
2 0.9737274093681549 0.3962395543175487 0.03861247479955054 0.026462395543175463
2 0.9479857595017879 0.42130919220055707 0.02277145949717081 0.0766016713091922
2 0.7598737027860284 0.11629526462395544 0.01683107875877852 0.04596100278551532
2 0.7593786710578289 0.5661559888579387 0.04356279208154419 0.054317548746518084
2 0.7361121798324587 0.6079387186629526 0.04059260171234811 0.043175487465181066
2 0.7168059424326835 0.6323119777158774 0.031682030604759465 0.04735376044568234
2 0.6880941021971202 0.6949860724233983 0.0316820306047596 0.033426183844011206
2 0.5326541395425188 0.7583565459610029 0.021781396040772096 0.01532033426183844
2 0.7727445277192118 0.862116991643454 0.03465222097395568 0.025069637883008228
2 0.7410624971144523 0.9408077994428968 0.028711840235563245 0.06267409470752085
2 0.872740936815484 0.18036211699164348 0.008910571107588652 0.03481894150417826
1 0.06079771096441575 0.28826418351467775 0.025741649866367088 0.036211699164345426
1 0.07356431692147773 0.29656575126580287 0.023761522953569612 0.02924791086350975
1 0.09317017546922447 0.3071030640668524 0.03267209406115821 0.01810584958217273
1 0.0064814926966180846 0.24407046170999883 0.01188076147678481 0.026462395543175497
1 0.09500705174012333 0.30023998043804667 0.02133848220901168 0.027873491101667938
1 0.009714509185633945 0.2439603988349488 0.01829012760772428 0.011435278400684262
2 0.31702887853388745 0.5128646882007696 0.08230557423475933 0.031447015601881886
2 0.33074647423968073 0.496426475499786 0.037596373415877696 0.03144701560188167
2 0.2629205843610365 0.4081604203445044 0.03403995971437574 0.04216758910252324
2 0.30356531237820156 0.5039308769502351 0.035056077914804896 0.0964851615057735
2 0.2857832438706918 0.5082191063504916 0.025911014110942716 0.08362047330500375
2 0.26520685031200203 0.5035735245002138 0.009145063803862144 0.0700410802041911
0 0.4115278711737963 0.6218571854572916 0.07011215582960972 0.03930876950235216
0 0.4122899598241181 0.612923374206757 0.042168905317808765 0.04859993320290812
0 0.2685092344633967 0.6279321771076551 0.058426796524674814 0.03287642540196728
0 0.4018747482697196 0.636151283458147 0.09754734724119615 0.027873491101667938
0 0.3383673607428991 0.6457997996087239 0.04877367362059803 0.01858232740111195
0 0.276892209616937 0.6425836275585317 0.09551511084033791 0.01786762250106918
0 0.2657149094122166 0.6257880624075268 0.03454801881459026 0.04288229400256604
0 0.22964271329698263 0.6432983324585746 0.015241773006436895 0.010720573500641421
0 0.3061056078792744 0.6318630540578902 0.015749832106651453 0.023585261701411397
0 0.2354853929494501 0.7226944987834065 0.08078139693411558 0.04145288420248036
0 0.24920298865524323 0.6740945655804984 0.04318502351823785 0.0700410802041911
0 0.22532421094515884 0.6973224748318883 0.03912055071652141 0.0378793597022667
0 0.3759637341587769 0.6576563528795147 0.15343384826479803 0.0300176058017962
0 0.3114402284315273 0.8166781931390303 0.07112827403003884 0.10220280070611565
0 0.3002629282268068 0.8324017009399711 0.04369308261845244 0.1265027673075697
0 0.29950083957648493 0.7863032348872128 0.06045903292553305 0.0700410802041911
0 0.3200772331351745 0.7966664559378311 0.11278912024763339 0.062179326303720354
0 0.27206564816489864 0.7648620878859298 0.044201141718667 0.028588196001710742
0 0.26266655481092926 0.7512826947851172 0.09348287443947964 0.018582327401112052
0 0.31804499673431663 0.8642060689918742 0.03251578241373199 0.04288229400256583
0 0.3198232035850676 0.7251959659335561 0.020830423108797083 0.08790870270526013
0 0.38053626606070795 0.7527121045852028 0.036580255215448575 0.0528881626031648
0 0.40543116197122153 0.6798122047808406 0.04267696441802343 0.09148222720547416
0 0.35462525194976524 0.6826710243810115 0.06299932842660588 0.05717639200342134
0 0.2923880121734811 0.6633739920798569 0.05944291472510386 0.037164654802223966
0 0.4186406985768002 0.6748092704805413 0.06299932842660588 0.04574111360273705
0 0.4318502351823787 0.6669475165800708 0.0690960376291806 0.01286468820076962
0 0.42956396923141327 0.66158722982975 0.05029785092124179 0.04788522830286539
0 0.41406816667486906 0.690532778281482 0.04978979182102719 0.04859993320290812
0 0.39374580266628656 0.7184062693831499 0.04064472801716505 0.05717639200342134
0 0.3746935864082404 0.7816576530369348 0.02387877771008441 0.03216172050192455
0 0.3442100403953666 0.8245399470395008 0.03505607791480486 0.039308769502352306
0 0.20144543323507436 0.724123908583492 0.027943250511800955 0.015723507800940693
0 0.2926420417235883 0.7416341786345398 0.03251578241373203 0.03216172050192441
1 0.5489578577818357 0.7019680566821662 0.022862659509655287 0.017152917601026302
1 0.5789333446944949 0.6394313779284241 0.015749832106651596 0.020726442101240323
1 0.940557085274896 0.10577632520632944 0.11888582945020787 0.08433517820504643
1 0.9273475486693176 0.16974241376015706 0.0812894560343301 0.08647929290517474
1 0.8869568502022597 0.10577632520632944 0.028959368712230146 0.07575871940453324
1 0.8564733041893858 0.18260710196092675 0.005588650102360191 0.042167589102523204
1 0.8635861315923898 0.21119529796263747 0.0035564137015018107 0.010720573500641492
1 0.8831346573234371 0.13776825154926048 0.04101041473067113 0.023802504741594087
1 0.8914514547163706 0.11376403066578845 0.04846685377261153 0.019364749620279956
1 0.9057907605662555 0.09540786175489807 0.07198331536642272 0.03590547325426909
1 0.9073680842097428 0.06878133102701313 0.06309294573949416 0.02218877560657078
1 0.8590446234956304 0.15612442046015082 0.003728219520969844 0.020171614187791585
1 0.8584710512616348 0.1904161645793966 0.006596080690947161 0.020978478755303308
1 0.8798366169779637 0.21724441144915954 0.02466360606180217 0.009278942526384136
1 0.9093755870287268 0.2142186693209907 0.04129720084766888 0.012909833080186601
1 0.9698874577152415 0.17972520905986705 0.042444345315659576 0.10690955519529557
1 0.9387711640209915 0.20493972679460654 0.025523964412795266 0.027433395295396644
1 0.9807853301611541 0.23176797366436944 0.027531467231779346 0.09077226384506229
1 0.9617140533808071 0.2061500236458741 0.015773236434873324 0.06454916540093322
1 0.9792080065176669 0.23560058036004985 0.015773236434873324 0.09521001896637644
1 0.9832230121556346 0.28905535795769766 0.009463941860924195 0.007665213391360801
1 0.9899624859050808 0.2468966843052132 0.018927883721847963 0.06616289453595656
1 0.9946944568355426 0.189407583870007 0.010611086328915036 0.08189675360243397
0 0.37077876442132585 0.15041782729805014 0.07821501305550001 0.044568245125348176
0 0.3712737961495252 0.09818941504178273 0.02970190369196203 0.06267409470752087
0 0.3544427173907468 0.18871866295264625 0.08514545725029116 0.04038997214484681
0 0.25890159384826894 0.298050139275766 0.03663234788675318 0.05013927576601674
0 0.348007304924155 0.3537604456824512 0.0801951399682974 0.050139275766016664
0 0.3727588913341233 0.38788300835654593 0.042572728625145544 0.10167130919220056
0 0.41137136613367403 0.34958217270194986 0.11979767822424683 0.03621169916434539
0 0.39503531910309475 0.16295264623955433 0.09702621872707588 0.04735376044568246
0 0.4460235871076297 0.29526462395543174 0.020791332584373448 0.09470752089136489
0 0.47671555425599044 0.4540389972144848 0.038612474799550614 0.08356545961002787
0 0.44800371402042705 0.3307799442896936 0.058413743927525276 0.0877437325905293
0 0.480180776353386 0.36768802228412256 0.05148329973273413 0.10027855153203341
0 0.38265952589811064 0.24930362116991645 0.048513109363537976 0.09749303621169911
0 0.6767083724485345 0.38370473537604455 0.04851310936353812 0.040389972144846735
0 0.681163658002329 0.3586350974930362 0.025741649866367025 0.05988857938718659
0 0.6950245463919111 0.5236768802228411 0.04554291899434176 0.04178272980501397
0 0.6920543560227153 0.49303621169916423 0.08910571107588595 0.03064066852367681
0 0.652946849494965 0.536908077994429 0.08019513996829737 0.05153203342618383
0 0.6613623888743544 0.5424791086350975 0.023761522953569595 0.10167130919220056
0 0.6371058341925853 0.5605849582172702 0.11583742439865176 0.034818941504178295
0 0.6093840574134208 0.26114206128133705 0.018811205671576018 0.04038997214484681
1 0.10897867699602379 0.3102458490386454 0.02692713231137185 0.023585261701411328
1 0.11431329754827647 0.31489143088892313 0.021338482209011637 0.032876425401967585
1 0.12371239090224613 0.3106032014886666 0.01778206850750971 0.017152917601026444
1 0.08586198793626121 0.3038135049382605 0.0111773002047204 0.035020540102095585
1 0.12066403630095877 0.3191796602891801 0.011685359304934959 0.032876425401967245
1 0.004511145620373828 0.2619312181171692 0.009022291240747656 0.03270625524408533
1 0.009195796841531266 0.25241223338195035 0.010757347248583744 0.03124179605405164
1 0.010583841647800138 0.2529003864452948 0.021167683295600277 0.01269197964695845
1 0.018391593683062528 0.24631032009014325 0.01596251527209201 0.010251214330235747
1 0.058297881863292565 0.2765758100175058 0.02012664969089858 0.020990581723815963
